nohup: 入力を無視します
n_frame=189
*******************************    frame 0 and 10  (1/18)     *****************************
########    start to calc 1th cluster. cluster_unique=[0], label 0 num: 6890    ########
iteration:  1 / 4
could not find R : 4
most fitted inlier T`s num: 6890
iteration:  2 / 4
could not find R : 4
iteration:  3 / 4
could not find R : 4
iteration:  4 / 4
could not find R : 4
1`s n_inlier=6890
T=
[[ 1.000e+00 -8.800e-03  4.100e-03 -6.800e-03]
 [ 8.900e-03  9.999e-01 -6.200e-03 -2.000e-04]
 [-4.000e-03  6.300e-03  1.000e+00  1.000e-04]
 [ 0.000e+00  0.000e+00  0.000e+00  1.000e+00]]
The number of label 0 is smaller than sample size.

RANSAC finished
label unique: [1]
labels` inlier num: [   0. 6890.]

colors = 
[[1. 0. 0.]]
(189, 6890, 7)
fin
*******************************    frame 10 and 20  (2/18)     *****************************
########    start to calc 1th cluster. cluster_unique=[0], label 0 num: 6890    ########
iteration:  1 / 4
could not find R : 4
most fitted inlier T`s num: 6628
iteration:  2 / 4
could not find R : 4
iteration:  3 / 4
could not find R : 4
iteration:  4 / 4
could not find R : 4
1`s n_inlier=6566
T=
[[ 9.990e-01 -2.030e-02  3.950e-02 -8.300e-03]
 [ 2.090e-02  9.997e-01 -1.420e-02 -1.000e-04]
 [-3.920e-02  1.500e-02  9.991e-01 -5.800e-03]
 [ 0.000e+00  0.000e+00  0.000e+00  1.000e+00]]
########    start to calc 2th cluster. cluster_unique=[0 1], label 0 num: 324    ########
iteration:  1 / 4
could not find R : 7
most fitted inlier T`s num: 282
iteration:  2 / 4
could not find R : 7
iteration:  3 / 4
could not find R : 7
iteration:  4 / 4
could not find R : 7
2`s n_inlier=265
T=
[[ 0.9997 -0.0243 -0.003  -0.0315]
 [ 0.0239  0.9949 -0.0976 -0.0161]
 [ 0.0054  0.0975  0.9952  0.074 ]
 [ 0.      0.      0.      1.    ]]
########    start to calc 3th cluster. cluster_unique=[0 1 2], label 0 num: 59    ########
iteration:  1 / 4
could not find R : 1
most fitted inlier T`s num: 59
iteration:  2 / 4
could not find R : 1
iteration:  3 / 4
could not find R : 1
iteration:  4 / 4
could not find R : 1
3`s n_inlier=59
T=
[[ 0.9991  0.0253  0.035  -0.0239]
 [-0.033   0.9697  0.242   0.0442]
 [-0.0279 -0.2429  0.9697  0.0574]
 [ 0.      0.      0.      1.    ]]
The number of label 0 is smaller than sample size.

RANSAC finished
label unique: [1 2 3]
labels` inlier num: [   0. 6566.  265.   59.]

colors = 
[[1. 0. 0.]
 [0. 1. 0.]
 [0. 0. 1.]]
(189, 6890, 7)
fin
*******************************    frame 20 and 30  (3/18)     *****************************
########    start to calc 1th cluster. cluster_unique=[0], label 0 num: 6890    ########
iteration:  1 / 4
could not find R : 1
most fitted inlier T`s num: 5668
iteration:  2 / 4
could not find R : 1
iteration:  3 / 4
could not find R : 1
iteration:  4 / 4
could not find R : 1
1`s n_inlier=5670
T=
[[ 0.9993 -0.0093  0.0358  0.0068]
 [ 0.0101  0.9997 -0.0228 -0.0042]
 [-0.0355  0.0231  0.9991 -0.0105]
 [ 0.      0.      0.      1.    ]]
########    start to calc 2th cluster. cluster_unique=[0 1], label 0 num: 1220    ########
iteration:  1 / 4
could not find R : 5
most fitted inlier T`s num: 946
iteration:  2 / 4
could not find R : 5
iteration:  3 / 4
could not find R : 5
iteration:  4 / 4
could not find R : 5
2`s n_inlier=931
T=
[[ 0.9923  0.0894 -0.0857 -0.0564]
 [-0.0847  0.9948  0.057   0.0355]
 [ 0.0904 -0.0493  0.9947 -0.0492]
 [ 0.      0.      0.      1.    ]]
########    start to calc 3th cluster. cluster_unique=[0 1 2], label 0 num: 289    ########
iteration:  1 / 4
could not find R : 5
most fitted inlier T`s num: 289
iteration:  2 / 4
could not find R : 5
iteration:  3 / 4
could not find R : 5
iteration:  4 / 4
could not find R : 5
3`s n_inlier=289
T=
[[ 0.992   0.1133 -0.0566 -0.0292]
 [-0.1144  0.9933 -0.0179  0.0146]
 [ 0.0542  0.0242  0.9982  0.0339]
 [ 0.      0.      0.      1.    ]]
The number of label 0 is smaller than sample size.

RANSAC finished
label unique: [1 2 3]
labels` inlier num: [   0. 5670.  931.  289.]

(189, 6890, 7)
fin
*******************************    frame 30 and 40  (4/18)     *****************************
########    start to calc 1th cluster. cluster_unique=[0], label 0 num: 6890    ########
iteration:  1 / 4
could not find R : 4
most fitted inlier T`s num: 4041
iteration:  2 / 4
could not find R : 4
iteration:  3 / 4
could not find R : 4
iteration:  4 / 4
could not find R : 4
1`s n_inlier=3845
T=
[[ 0.9959  0.0491 -0.0759 -0.0166]
 [-0.0591  0.9888 -0.1368 -0.0071]
 [ 0.0683  0.1407  0.9877 -0.0787]
 [ 0.      0.      0.      1.    ]]
########    start to calc 2th cluster. cluster_unique=[0 1], label 0 num: 3045    ########
iteration:  1 / 4
could not find R : 6
most fitted inlier T`s num: 1506
iteration:  2 / 4
could not find R : 6
iteration:  3 / 4
could not find R : 6
iteration:  4 / 4
could not find R : 6
2`s n_inlier=1540
T=
[[ 0.9988 -0.0043  0.0486  0.0096]
 [ 0.004   1.      0.0051  0.0021]
 [-0.0486 -0.0049  0.9988 -0.005 ]
 [ 0.      0.      0.      1.    ]]
########    start to calc 3th cluster. cluster_unique=[0 1 2], label 0 num: 1505    ########
iteration:  1 / 4
could not find R : 6
most fitted inlier T`s num: 576
iteration:  2 / 4
could not find R : 6
iteration:  3 / 4
could not find R : 6
iteration:  4 / 4
could not find R : 6
3`s n_inlier=576
T=
[[ 0.9928 -0.1162  0.0284  0.0533]
 [ 0.1193  0.9789 -0.1658  0.0683]
 [-0.0085  0.168   0.9857 -0.123 ]
 [ 0.      0.      0.      1.    ]]
########    start to calc 4th cluster. cluster_unique=[0 1 2 3], label 0 num: 929    ########
iteration:  1 / 4
could not find R : 4
most fitted inlier T`s num: 558
iteration:  2 / 4
could not find R : 4
iteration:  3 / 4
could not find R : 4
iteration:  4 / 4
could not find R : 4
4`s n_inlier=527
T=
[[ 0.9844  0.1293 -0.119  -0.0503]
 [-0.1364  0.9892 -0.0536  0.0631]
 [ 0.1108  0.069   0.9914 -0.0687]
 [ 0.      0.      0.      1.    ]]
########    start to calc 5th cluster. cluster_unique=[0 1 2 3 4], label 0 num: 402    ########
iteration:  1 / 4
could not find R : 4
most fitted inlier T`s num: 279
iteration:  2 / 4
could not find R : 4
iteration:  3 / 4
could not find R : 4
iteration:  4 / 4
could not find R : 4
5`s n_inlier=293
T=
[[ 0.9568 -0.2045  0.2066  0.038 ]
 [ 0.1987  0.9789  0.0484  0.0395]
 [-0.2121 -0.0053  0.9772  0.0255]
 [ 0.      0.      0.      1.    ]]
########    start to calc 6th cluster. cluster_unique=[0 1 2 3 4 5], label 0 num: 109    ########
iteration:  1 / 4
could not find R : 4
most fitted inlier T`s num: 98
iteration:  2 / 4
could not find R : 4
iteration:  3 / 4
could not find R : 4
iteration:  4 / 4
could not find R : 4
6`s n_inlier=98
T=
[[ 0.9924  0.0241  0.1207  0.0425]
 [-0.0222  0.9996 -0.017  -0.0105]
 [-0.1211  0.0142  0.9925  0.0226]
 [ 0.      0.      0.      1.    ]]
########    start to calc 7th cluster. cluster_unique=[0 1 2 3 4 5 6], label 0 num: 11    ########
iteration:  1 / 4
could not find R : 3
most fitted inlier T`s num: 11
iteration:  2 / 4
could not find R : 3
iteration:  3 / 4
could not find R : 3
iteration:  4 / 4
could not find R : 3
7`s n_inlier=11
T=
[[ 0.9992  0.0378  0.0097  0.0102]
 [-0.0378  0.9993  0.0016 -0.0125]
 [-0.0096 -0.002   1.     -0.0343]
 [ 0.      0.      0.      1.    ]]
The number of label 0 is smaller than sample size.

RANSAC finished
label unique: [1 2 3 4 5 6 7]
labels` inlier num: [   0. 3845. 1540.  576.  527.  293.   98.   11.]

colors = 
[[1.         0.         0.        ]
 [1.         0.85714286 0.        ]
 [0.28571429 1.         0.        ]
 [0.         1.         0.57142857]
 [0.         0.57142857 1.        ]
 [0.28571429 0.         1.        ]
 [1.         0.         0.85714286]]
(189, 6890, 7)
fin
*******************************    frame 40 and 50  (5/18)     *****************************
########    start to calc 1th cluster. cluster_unique=[0], label 0 num: 6890    ########
iteration:  1 / 4
could not find R : 3
most fitted inlier T`s num: 3013
iteration:  2 / 4
could not find R : 3
iteration:  3 / 4
could not find R : 3
iteration:  4 / 4
could not find R : 3
1`s n_inlier=2928
T=
[[ 0.9949  0.0071  0.1006  0.0034]
 [ 0.0176  0.97   -0.2426 -0.0227]
 [-0.0993  0.2431  0.9649 -0.1346]
 [ 0.      0.      0.      1.    ]]
########    start to calc 2th cluster. cluster_unique=[0 1], label 0 num: 3962    ########
iteration:  1 / 4
could not find R : 3
most fitted inlier T`s num: 1960
iteration:  2 / 4
could not find R : 3
iteration:  3 / 4
could not find R : 3
iteration:  4 / 4
could not find R : 3
2`s n_inlier=1940
T=
[[ 0.9988 -0.0156 -0.0463 -0.0039]
 [-0.0017  0.9363 -0.3513  0.0793]
 [ 0.0488  0.3509  0.9351 -0.2311]
 [ 0.      0.      0.      1.    ]]
########    start to calc 3th cluster. cluster_unique=[0 1 2], label 0 num: 2022    ########
iteration:  1 / 4
could not find R : 5
most fitted inlier T`s num: 1163
iteration:  2 / 4
could not find R : 5
iteration:  3 / 4
could not find R : 5
iteration:  4 / 4
could not find R : 5
3`s n_inlier=1126
T=
[[ 0.9946  0.0079  0.1038  0.0102]
 [-0.0122  0.9991  0.0411  0.0162]
 [-0.1033 -0.0421  0.9938 -0.0061]
 [ 0.      0.      0.      1.    ]]
########    start to calc 4th cluster. cluster_unique=[0 1 2 3], label 0 num: 896    ########
iteration:  1 / 4
could not find R : 3
most fitted inlier T`s num: 543
iteration:  2 / 4
could not find R : 3
iteration:  3 / 4
could not find R : 3
iteration:  4 / 4
could not find R : 3
4`s n_inlier=534
T=
[[ 0.9977  0.002   0.0677  0.0039]
 [ 0.0318  0.8691 -0.4937  0.0668]
 [-0.0598  0.4947  0.867  -0.3444]
 [ 0.      0.      0.      1.    ]]
########    start to calc 5th cluster. cluster_unique=[0 1 2 3 4], label 0 num: 362    ########
iteration:  1 / 4
could not find R : 3
most fitted inlier T`s num: 292
iteration:  2 / 4
could not find R : 3
iteration:  3 / 4
could not find R : 3
iteration:  4 / 4
could not find R : 3
5`s n_inlier=292
T=
[[ 0.9862 -0.0692  0.1501  0.0075]
 [ 0.0896  0.987  -0.1336  0.0023]
 [-0.1389  0.1452  0.9796  0.0532]
 [ 0.      0.      0.      1.    ]]
########    start to calc 6th cluster. cluster_unique=[0 1 2 3 4 5], label 0 num: 70    ########
iteration:  1 / 4
could not find R : 5
most fitted inlier T`s num: 70
iteration:  2 / 4
could not find R : 5
iteration:  3 / 4
could not find R : 5
iteration:  4 / 4
could not find R : 5
6`s n_inlier=61
T=
[[ 0.9964  0.0104 -0.0844  0.0089]
 [-0.024   0.9865 -0.1619  0.1083]
 [ 0.0816  0.1633  0.9832 -0.1753]
 [ 0.      0.      0.      1.    ]]
########    start to calc 7th cluster. cluster_unique=[0 1 2 3 4 5 6], label 0 num: 9    ########
iteration:  1 / 4
could not find R : 3
most fitted inlier T`s num: 9
iteration:  2 / 4
could not find R : 3
iteration:  3 / 4
could not find R : 3
iteration:  4 / 4
could not find R : 3
7`s n_inlier=9
T=
[[ 0.9996  0.0246  0.0139 -0.0133]
 [-0.0216  0.9824 -0.1854  0.0885]
 [-0.0182  0.185   0.9826 -0.1623]
 [ 0.      0.      0.      1.    ]]
The number of label 0 is smaller than sample size.

RANSAC finished
label unique: [1 2 3 4 5 6 7]
labels` inlier num: [   0. 2928. 1940. 1126.  534.  292.   61.    9.]

(189, 6890, 7)
fin
*******************************    frame 50 and 60  (6/18)     *****************************
########    start to calc 1th cluster. cluster_unique=[0], label 0 num: 6890    ########
iteration:  1 / 4
could not find R : 3
most fitted inlier T`s num: 2121
iteration:  2 / 4
could not find R : 3
iteration:  3 / 4
could not find R : 3
iteration:  4 / 4
could not find R : 3
1`s n_inlier=2083
T=
[[ 0.994  -0.0831  0.0706  0.0521]
 [ 0.0697  0.9822  0.1746 -0.1745]
 [-0.0839 -0.1686  0.9821  0.1664]
 [ 0.      0.      0.      1.    ]]
########    start to calc 2th cluster. cluster_unique=[0 1], label 0 num: 4807    ########
iteration:  1 / 4
could not find R : 5
most fitted inlier T`s num: 1135
iteration:  2 / 4
could not find R : 5
iteration:  3 / 4
could not find R : 5
iteration:  4 / 4
could not find R : 5
2`s n_inlier=1114
T=
[[ 0.8204 -0.3378  0.4613  0.294 ]
 [ 0.3758  0.9266  0.0101 -0.2657]
 [-0.4308  0.1651  0.8872 -0.033 ]
 [ 0.      0.      0.      1.    ]]
########    start to calc 3th cluster. cluster_unique=[0 1 2], label 0 num: 3693    ########
iteration:  1 / 4
could not find R : 3
most fitted inlier T`s num: 1084
iteration:  2 / 4
could not find R : 3
iteration:  3 / 4
could not find R : 3
iteration:  4 / 4
could not find R : 3
3`s n_inlier=1070
T=
[[ 0.8832  0.2946 -0.365  -0.2676]
 [-0.2852  0.9551  0.0809 -0.3461]
 [ 0.3724  0.0326  0.9275  0.1309]
 [ 0.      0.      0.      1.    ]]
########    start to calc 4th cluster. cluster_unique=[0 1 2 3], label 0 num: 2623    ########
iteration:  1 / 4
could not find R : 5
most fitted inlier T`s num: 1045
iteration:  2 / 4
could not find R : 5
iteration:  3 / 4
could not find R : 5
iteration:  4 / 4
could not find R : 5
4`s n_inlier=993
T=
[[ 9.997e-01 -2.000e-04 -2.570e-02 -5.900e-03]
 [-2.400e-03  9.948e-01 -1.015e-01 -1.813e-01]
 [ 2.560e-02  1.015e-01  9.945e-01 -4.870e-02]
 [ 0.000e+00  0.000e+00  0.000e+00  1.000e+00]]
########    start to calc 5th cluster. cluster_unique=[0 1 2 3 4], label 0 num: 1630    ########
iteration:  1 / 4
could not find R : 4
most fitted inlier T`s num: 604
iteration:  2 / 4
could not find R : 4
iteration:  3 / 4
could not find R : 4
iteration:  4 / 4
could not find R : 4
5`s n_inlier=570
T=
[[ 9.999e-01 -3.200e-03 -1.220e-02 -8.000e-04]
 [ 4.100e-03  9.975e-01  7.090e-02 -1.240e-02]
 [ 1.200e-02 -7.090e-02  9.974e-01 -4.080e-02]
 [ 0.000e+00  0.000e+00  0.000e+00  1.000e+00]]
########    start to calc 6th cluster. cluster_unique=[0 1 2 3 4 5], label 0 num: 1060    ########
iteration:  1 / 4
could not find R : 6
most fitted inlier T`s num: 454
iteration:  2 / 4
could not find R : 6
iteration:  3 / 4
could not find R : 6
iteration:  4 / 4
could not find R : 6
6`s n_inlier=454
T=
[[ 0.9956  0.0174 -0.0915 -0.0205]
 [ 0.0106  0.9548  0.2971 -0.0761]
 [ 0.0926 -0.2968  0.9504  0.0707]
 [ 0.      0.      0.      1.    ]]
########    start to calc 7th cluster. cluster_unique=[0 1 2 3 4 5 6], label 0 num: 606    ########
iteration:  1 / 4
could not find R : 2
most fitted inlier T`s num: 288
iteration:  2 / 4
could not find R : 2
iteration:  3 / 4
could not find R : 2
iteration:  4 / 4
could not find R : 2
7`s n_inlier=281
T=
[[ 0.9982 -0.0089 -0.0592 -0.0073]
 [-0.0062  0.9684 -0.2495 -0.093 ]
 [ 0.0595  0.2494  0.9666  0.1184]
 [ 0.      0.      0.      1.    ]]
########    start to calc 8th cluster. cluster_unique=[0 1 2 3 4 5 6 7], label 0 num: 325    ########
iteration:  1 / 4
could not find R : 7
most fitted inlier T`s num: 193
iteration:  2 / 4
could not find R : 7
iteration:  3 / 4
could not find R : 7
iteration:  4 / 4
could not find R : 7
8`s n_inlier=189
T=
[[ 0.9804 -0.1967 -0.0111  0.1518]
 [ 0.194   0.9541  0.228  -0.1573]
 [-0.0343 -0.2256  0.9736  0.2087]
 [ 0.      0.      0.      1.    ]]
########    start to calc 9th cluster. cluster_unique=[0 1 2 3 4 5 6 7 8], label 0 num: 136    ########
iteration:  1 / 4
could not find R : 7
most fitted inlier T`s num: 76
iteration:  2 / 4
could not find R : 7
iteration:  3 / 4
could not find R : 7
iteration:  4 / 4
could not find R : 7
9`s n_inlier=73
T=
[[ 0.9895 -0.0298  0.1414 -0.0017]
 [ 0.0218  0.9981  0.0579 -0.1985]
 [-0.1429 -0.0542  0.9883  0.0722]
 [ 0.      0.      0.      1.    ]]
########    start to calc 10th cluster. cluster_unique=[0 1 2 3 4 5 6 7 8 9], label 0 num: 63    ########
iteration:  1 / 4
could not find R : 7
most fitted inlier T`s num: 34
iteration:  2 / 4
could not find R : 7
iteration:  3 / 4
could not find R : 7
iteration:  4 / 4
could not find R : 7
10`s n_inlier=29
T=
[[ 0.9939  0.1059 -0.0322  0.0084]
 [-0.1022  0.9897  0.1007 -0.0884]
 [ 0.0425 -0.0968  0.9944  0.0776]
 [ 0.      0.      0.      1.    ]]
########    start to calc 11th cluster. cluster_unique=[ 0  1  2  3  4  5  6  7  8  9 10], label 0 num: 34    ########
iteration:  1 / 4
could not find R : 5
most fitted inlier T`s num: 20
iteration:  2 / 4
could not find R : 5
iteration:  3 / 4
could not find R : 5
iteration:  4 / 4
could not find R : 5
11`s n_inlier=20
T=
[[ 0.9938 -0.064  -0.0906 -0.0498]
 [ 0.0475  0.9837 -0.1733 -0.0883]
 [ 0.1003  0.1679  0.9807  0.1086]
 [ 0.      0.      0.      1.    ]]
########    start to calc 12th cluster. cluster_unique=[ 0  1  2  3  4  5  6  7  8  9 10 11], label 0 num: 14    ########
iteration:  1 / 4
could not find R : 3
most fitted inlier T`s num: 9
iteration:  2 / 4
could not find R : 3
iteration:  3 / 4
could not find R : 3
iteration:  4 / 4
could not find R : 3
12`s n_inlier=6
T=
[[ 0.9938 -0.1112 -0.0034  0.0725]
 [ 0.1111  0.9901  0.0862 -0.166 ]
 [-0.0062 -0.0861  0.9963  0.1016]
 [ 0.      0.      0.      1.    ]]
########    start to calc 13th cluster. cluster_unique=[ 0  1  2  3  4  5  6  7  8  9 10 11 12], label 0 num: 8    ########
iteration:  1 / 4
could not find R : 5
most fitted inlier T`s num: 5
iteration:  2 / 4
could not find R : 5
iteration:  3 / 4
could not find R : 5
iteration:  4 / 4
could not find R : 5
13`s n_inlier=5
T=
[[ 0.9984  0.011   0.0548 -0.0067]
 [-0.0171  0.9934  0.1132 -0.1348]
 [-0.0532 -0.114   0.9921  0.0243]
 [ 0.      0.      0.      1.    ]]
########    start to calc 14th cluster. cluster_unique=[ 0  1  2  3  4  5  6  7  8  9 10 11 12 13], label 0 num: 3    ########
iteration:  1 / 4
could not find R : 1
most fitted inlier T`s num: 3
iteration:  2 / 4
could not find R : 1
iteration:  3 / 4
could not find R : 1
iteration:  4 / 4
could not find R : 1
14`s n_inlier=3
T=
[[ 0.9929 -0.1059  0.0546  0.0735]
 [ 0.071   0.8942  0.4419 -0.1421]
 [-0.0956 -0.4349  0.8954  0.426 ]
 [ 0.      0.      0.      1.    ]]
The number of label 0 is smaller than sample size.

RANSAC finished
label unique: [ 1  2  3  4  5  6  7  8  9 10 11 12 13 14]
labels` inlier num: [   0. 2083. 1114. 1070.  993.  570.  454.  281.  189.   73.   29.   20.
    6.    5.    3.]

colors = 
[[1.         0.         0.        ]
 [1.         0.42857143 0.        ]
 [1.         0.85714286 0.        ]
 [0.71428571 1.         0.        ]
 [0.28571429 1.         0.        ]
 [0.         1.         0.14285714]
 [0.         1.         0.57142857]
 [0.         1.         1.        ]
 [0.         0.57142857 1.        ]
 [0.         0.14285714 1.        ]
 [0.28571429 0.         1.        ]
 [0.71428571 0.         1.        ]
 [1.         0.         0.85714286]
 [1.         0.         0.42857143]]
(189, 6890, 7)
fin
*******************************    frame 60 and 70  (7/18)     *****************************
########    start to calc 1th cluster. cluster_unique=[0], label 0 num: 6890    ########
iteration:  1 / 4
could not find R : 3
most fitted inlier T`s num: 1442
iteration:  2 / 4
could not find R : 3
iteration:  3 / 4
could not find R : 3
iteration:  4 / 4
could not find R : 3
1`s n_inlier=1389
T=
[[ 0.9983  0.0093 -0.057  -0.0318]
 [-0.018   0.9879 -0.1541  0.2523]
 [ 0.0549  0.1549  0.9864 -0.2068]
 [ 0.      0.      0.      1.    ]]
########    start to calc 2th cluster. cluster_unique=[0 1], label 0 num: 5501    ########
iteration:  1 / 4
could not find R : 4
most fitted inlier T`s num: 1047
iteration:  2 / 4
could not find R : 4
iteration:  3 / 4
could not find R : 4
iteration:  4 / 4
could not find R : 4
2`s n_inlier=1034
T=
[[ 0.4636  0.56   -0.6866 -0.2316]
 [ 0.8323 -0.0094  0.5543  0.6067]
 [ 0.304  -0.8284 -0.4704  0.189 ]
 [ 0.      0.      0.      1.    ]]
########    start to calc 3th cluster. cluster_unique=[0 1 2], label 0 num: 4467    ########
iteration:  1 / 4
could not find R : 6
most fitted inlier T`s num: 1026
iteration:  2 / 4
could not find R : 6
iteration:  3 / 4
could not find R : 6
iteration:  4 / 4
could not find R : 6
3`s n_inlier=1009
T=
[[ 0.6875 -0.6494  0.325   0.2089]
 [-0.6825 -0.4251  0.5946  0.6678]
 [-0.248  -0.6306 -0.7354  0.1747]
 [ 0.      0.      0.      1.    ]]
########    start to calc 4th cluster. cluster_unique=[0 1 2 3], label 0 num: 3458    ########
iteration:  1 / 4
could not find R : 5
most fitted inlier T`s num: 815
iteration:  2 / 4
could not find R : 5
iteration:  3 / 4
could not find R : 5
iteration:  4 / 4
could not find R : 5
4`s n_inlier=807
T=
[[ 9.987e-01 -4.850e-02 -1.850e-02  4.100e-03]
 [ 5.190e-02  9.392e-01  3.393e-01  2.450e-01]
 [ 9.000e-04 -3.398e-01  9.405e-01  1.481e-01]
 [ 0.000e+00  0.000e+00  0.000e+00  1.000e+00]]
########    start to calc 5th cluster. cluster_unique=[0 1 2 3 4], label 0 num: 2651    ########
iteration:  1 / 4
could not find R : 3
most fitted inlier T`s num: 741
iteration:  2 / 4
could not find R : 3
iteration:  3 / 4
could not find R : 3
iteration:  4 / 4
could not find R : 3
5`s n_inlier=731
T=
[[ 0.9996  0.0287 -0.0078  0.0199]
 [-0.0273  0.9892  0.1441  0.0266]
 [ 0.0118 -0.1439  0.9895 -0.0852]
 [ 0.      0.      0.      1.    ]]
########    start to calc 6th cluster. cluster_unique=[0 1 2 3 4 5], label 0 num: 1920    ########
iteration:  1 / 4
could not find R : 10
most fitted inlier T`s num: 563
iteration:  2 / 4
could not find R : 10
iteration:  3 / 4
could not find R : 10
iteration:  4 / 4
could not find R : 10
6`s n_inlier=560
T=
[[ 0.9986 -0.0423  0.0305  0.009 ]
 [ 0.0502  0.9381 -0.3428  0.0626]
 [-0.0141  0.3438  0.9389 -0.0089]
 [ 0.      0.      0.      1.    ]]
########    start to calc 7th cluster. cluster_unique=[0 1 2 3 4 5 6], label 0 num: 1360    ########
iteration:  1 / 4
could not find R : 4
most fitted inlier T`s num: 382
iteration:  2 / 4
could not find R : 4
iteration:  3 / 4
could not find R : 4
iteration:  4 / 4
could not find R : 4
7`s n_inlier=379
T=
[[ 0.91   -0.2304  0.3446  0.1125]
 [-0.1742  0.5419  0.8222  0.4742]
 [-0.3762 -0.8083  0.453   0.3938]
 [ 0.      0.      0.      1.    ]]
########    start to calc 8th cluster. cluster_unique=[0 1 2 3 4 5 6 7], label 0 num: 981    ########
iteration:  1 / 4
could not find R : 7
most fitted inlier T`s num: 382
iteration:  2 / 4
could not find R : 7
iteration:  3 / 4
could not find R : 7
iteration:  4 / 4
could not find R : 7
8`s n_inlier=365
T=
[[ 0.7891  0.0304 -0.6135 -0.0168]
 [ 0.4687  0.6157  0.6334  0.3963]
 [ 0.397  -0.7874  0.4716  0.3991]
 [ 0.      0.      0.      1.    ]]
########    start to calc 9th cluster. cluster_unique=[0 1 2 3 4 5 6 7 8], label 0 num: 616    ########
iteration:  1 / 4
could not find R : 3
most fitted inlier T`s num: 203
iteration:  2 / 4
could not find R : 3
iteration:  3 / 4
could not find R : 3
iteration:  4 / 4
could not find R : 3
9`s n_inlier=206
T=
[[ 0.9992  0.0204 -0.0331 -0.0168]
 [-0.0052  0.9137  0.4064  0.284 ]
 [ 0.0385 -0.4059  0.9131  0.2198]
 [ 0.      0.      0.      1.    ]]
########    start to calc 10th cluster. cluster_unique=[0 1 2 3 4 5 6 7 8 9], label 0 num: 410    ########
iteration:  1 / 4
could not find R : 5
most fitted inlier T`s num: 160
iteration:  2 / 4
could not find R : 5
iteration:  3 / 4
could not find R : 5
iteration:  4 / 4
could not find R : 5
10`s n_inlier=158
T=
[[ 0.9999  0.0102  0.0057  0.0034]
 [-0.0109  0.9886  0.1499 -0.0082]
 [-0.0041 -0.1499  0.9887 -0.0892]
 [ 0.      0.      0.      1.    ]]
########    start to calc 11th cluster. cluster_unique=[ 0  1  2  3  4  5  6  7  8  9 10], label 0 num: 252    ########
iteration:  1 / 4
could not find R : 8
most fitted inlier T`s num: 149
iteration:  2 / 4
could not find R : 8
iteration:  3 / 4
could not find R : 8
iteration:  4 / 4
could not find R : 8
11`s n_inlier=147
T=
[[ 0.9971 -0.0525  0.0542  0.0166]
 [ 0.0499  0.9976  0.0486  0.1467]
 [-0.0566 -0.0458  0.9973  0.0659]
 [ 0.      0.      0.      1.    ]]
########    start to calc 12th cluster. cluster_unique=[ 0  1  2  3  4  5  6  7  8  9 10 11], label 0 num: 105    ########
iteration:  1 / 4
could not find R : 2
most fitted inlier T`s num: 46
iteration:  2 / 4
could not find R : 2
iteration:  3 / 4
could not find R : 2
iteration:  4 / 4
could not find R : 2
12`s n_inlier=43
T=
[[ 0.9963  0.0311  0.0805 -0.048 ]
 [-0.0744  0.7826  0.6181  0.351 ]
 [-0.0438 -0.6218  0.7819  0.326 ]
 [ 0.      0.      0.      1.    ]]
########    start to calc 13th cluster. cluster_unique=[ 0  1  2  3  4  5  6  7  8  9 10 11 12], label 0 num: 62    ########
iteration:  1 / 4
could not find R : 8
most fitted inlier T`s num: 18
iteration:  2 / 4
could not find R : 8
iteration:  3 / 4
could not find R : 8
iteration:  4 / 4
could not find R : 8
13`s n_inlier=17
T=
[[ 0.9996  0.006  -0.026  -0.0035]
 [-0.0037  0.9961  0.0885  0.0524]
 [ 0.0264 -0.0883  0.9957 -0.0913]
 [ 0.      0.      0.      1.    ]]
########    start to calc 14th cluster. cluster_unique=[ 0  1  2  3  4  5  6  7  8  9 10 11 12 13], label 0 num: 45    ########
iteration:  1 / 4
could not find R : 3
most fitted inlier T`s num: 18
iteration:  2 / 4
could not find R : 3
iteration:  3 / 4
could not find R : 3
iteration:  4 / 4
could not find R : 3
14`s n_inlier=17
T=
[[ 0.9955 -0.0794 -0.0511  0.0543]
 [ 0.0899  0.6314  0.7703  0.4381]
 [-0.0289 -0.7714  0.6357  0.4187]
 [ 0.      0.      0.      1.    ]]
########    start to calc 15th cluster. cluster_unique=[ 0  1  2  3  4  5  6  7  8  9 10 11 12 13 14], label 0 num: 28    ########
iteration:  1 / 4
could not find R : 5
most fitted inlier T`s num: 11
iteration:  2 / 4
could not find R : 5
iteration:  3 / 4
could not find R : 5
iteration:  4 / 4
could not find R : 5
15`s n_inlier=11
T=
[[ 0.8549 -0.518  -0.0299  0.161 ]
 [-0.2612 -0.4795  0.8377  0.8444]
 [-0.4483 -0.7084 -0.5453  0.2044]
 [ 0.      0.      0.      1.    ]]
########    start to calc 16th cluster. cluster_unique=[ 0  1  2  3  4  5  6  7  8  9 10 11 12 13 14 15], label 0 num: 17    ########
iteration:  1 / 4
could not find R : 4
most fitted inlier T`s num: 11
iteration:  2 / 4
could not find R : 4
iteration:  3 / 4
could not find R : 4
iteration:  4 / 4
could not find R : 4
16`s n_inlier=8
T=
[[ 0.9765 -0.1531 -0.1514  0.0392]
 [ 0.1792  0.9677  0.1773  0.2331]
 [ 0.1193 -0.2003  0.9724  0.1091]
 [ 0.      0.      0.      1.    ]]
########    start to calc 17th cluster. cluster_unique=[ 0  1  2  3  4  5  6  7  8  9 10 11 12 13 14 15 16], label 0 num: 9    ########
iteration:  1 / 4
could not find R : 4
most fitted inlier T`s num: 6
iteration:  2 / 4
could not find R : 4
iteration:  3 / 4
could not find R : 4
iteration:  4 / 4
could not find R : 4
17`s n_inlier=6
T=
[[ 0.9995  0.0128  0.0299  0.003 ]
 [-0.0148  0.9977  0.0668  0.1835]
 [-0.0289 -0.0672  0.9973  0.0707]
 [ 0.      0.      0.      1.    ]]
########    start to calc 18th cluster. cluster_unique=[ 0  1  2  3  4  5  6  7  8  9 10 11 12 13 14 15 16 17], label 0 num: 3    ########
iteration:  1 / 4
could not find R : 7
most fitted inlier T`s num: 2
iteration:  2 / 4
could not find R : 7
iteration:  3 / 4
could not find R : 7
iteration:  4 / 4
could not find R : 7
18`s n_inlier=2
T=
[[ 0.9705 -0.0976 -0.2204  0.0034]
 [ 0.0174  0.9403 -0.3398  0.0633]
 [ 0.2404  0.3259  0.9143  0.0021]
 [ 0.      0.      0.      1.    ]]
The number of label 0 is smaller than sample size.

RANSAC finished
label unique: [ 0  1  2  3  4  5  6  7  8  9 10 11 12 13 14 15 16 17 18]
labels` inlier num: [1.000e+00 1.389e+03 1.034e+03 1.009e+03 8.070e+02 7.310e+02 5.600e+02
 3.790e+02 3.650e+02 2.060e+02 1.580e+02 1.470e+02 4.300e+01 1.700e+01
 1.700e+01 1.100e+01 8.000e+00 6.000e+00 2.000e+00]

colors = 
[[1.         0.         0.        ]
 [1.         0.31578947 0.        ]
 [1.         0.63157895 0.        ]
 [1.         0.94736842 0.        ]
 [0.73684211 1.         0.        ]
 [0.42105263 1.         0.        ]
 [0.10526316 1.         0.        ]
 [0.         1.         0.21052632]
 [0.         1.         0.52631579]
 [0.         1.         0.84210526]
 [0.         0.84210526 1.        ]
 [0.         0.52631579 1.        ]
 [0.         0.21052632 1.        ]
 [0.10526316 0.         1.        ]
 [0.42105263 0.         1.        ]
 [0.73684211 0.         1.        ]
 [1.         0.         0.94736842]
 [1.         0.         0.63157895]
 [1.         0.         0.31578947]]
(189, 6890, 7)
fin
*******************************    frame 70 and 80  (8/18)     *****************************
########    start to calc 1th cluster. cluster_unique=[0], label 0 num: 6890    ########
iteration:  1 / 4
could not find R : 2
most fitted inlier T`s num: 1970
iteration:  2 / 4
could not find R : 2
iteration:  3 / 4
could not find R : 2
iteration:  4 / 4
could not find R : 2
1`s n_inlier=1934
T=
[[ 0.997   0.0621  0.0459 -0.0384]
 [-0.0358  0.8985 -0.4376  0.3989]
 [-0.0684  0.4346  0.898  -0.2926]
 [ 0.      0.      0.      1.    ]]
########    start to calc 2th cluster. cluster_unique=[0 1], label 0 num: 4956    ########
iteration:  1 / 4
could not find R : 3
most fitted inlier T`s num: 1092
iteration:  2 / 4
could not find R : 3
iteration:  3 / 4
could not find R : 3
iteration:  4 / 4
could not find R : 3
2`s n_inlier=1082
T=
[[ 0.3946 -0.4378 -0.8079  0.1512]
 [-0.5771  0.566  -0.5886  0.5442]
 [ 0.715   0.6985 -0.0293 -0.3337]
 [ 0.      0.      0.      1.    ]]
########    start to calc 3th cluster. cluster_unique=[0 1 2], label 0 num: 3874    ########
iteration:  1 / 4
could not find R : 5
most fitted inlier T`s num: 1026
iteration:  2 / 4
could not find R : 5
iteration:  3 / 4
could not find R : 5
iteration:  4 / 4
could not find R : 5
3`s n_inlier=1015
T=
[[ 0.1687  0.9231  0.3457 -0.3359]
 [ 0.4543  0.2384 -0.8584  0.6564]
 [-0.8747  0.3019 -0.3791 -0.1185]
 [ 0.      0.      0.      1.    ]]
########    start to calc 4th cluster. cluster_unique=[0 1 2 3], label 0 num: 2859    ########
iteration:  1 / 4
could not find R : 3
most fitted inlier T`s num: 711
iteration:  2 / 4
could not find R : 3
iteration:  3 / 4
could not find R : 3
iteration:  4 / 4
could not find R : 3
4`s n_inlier=715
T=
[[ 0.9956  0.0053  0.094   0.0127]
 [ 0.0039  0.9952 -0.0979  0.3652]
 [-0.094   0.0978  0.9908 -0.0597]
 [ 0.      0.      0.      1.    ]]
########    start to calc 5th cluster. cluster_unique=[0 1 2 3 4], label 0 num: 2144    ########
iteration:  1 / 4
could not find R : 7
most fitted inlier T`s num: 466
iteration:  2 / 4
could not find R : 7
iteration:  3 / 4
could not find R : 7
iteration:  4 / 4
could not find R : 7
5`s n_inlier=461
T=
[[ 0.989  -0.0889  0.1179  0.0465]
 [ 0.0518  0.9567  0.2866  0.4533]
 [-0.1383 -0.2773  0.9508  0.0491]
 [ 0.      0.      0.      1.    ]]
########    start to calc 6th cluster. cluster_unique=[0 1 2 3 4 5], label 0 num: 1683    ########
iteration:  1 / 4
could not find R : 5
most fitted inlier T`s num: 326
iteration:  2 / 4
could not find R : 5
iteration:  3 / 4
could not find R : 5
iteration:  4 / 4
could not find R : 5
6`s n_inlier=325
T=
[[ 0.727  -0.0438 -0.6853 -0.0158]
 [-0.3918  0.7932 -0.4663  0.4174]
 [ 0.5639  0.6074  0.5595 -0.3794]
 [ 0.      0.      0.      1.    ]]
########    start to calc 7th cluster. cluster_unique=[0 1 2 3 4 5 6], label 0 num: 1358    ########
iteration:  1 / 4
could not find R : 5
most fitted inlier T`s num: 315
iteration:  2 / 4
could not find R : 5
iteration:  3 / 4
could not find R : 5
iteration:  4 / 4
could not find R : 5
7`s n_inlier=317
T=
[[ 0.9178  0.1456  0.3693  0.1457]
 [-0.0529  0.9668 -0.2498  0.3988]
 [-0.3935  0.2098  0.8951  0.1893]
 [ 0.      0.      0.      1.    ]]
########    start to calc 8th cluster. cluster_unique=[0 1 2 3 4 5 6 7], label 0 num: 1041    ########
iteration:  1 / 4
could not find R : 4
most fitted inlier T`s num: 301
iteration:  2 / 4
could not find R : 4
iteration:  3 / 4
could not find R : 4
iteration:  4 / 4
could not find R : 4
8`s n_inlier=310
T=
[[ 9.893e-01  9.280e-02  1.129e-01 -5.980e-02]
 [ 2.000e-04  7.718e-01 -6.358e-01  4.888e-01]
 [-1.461e-01  6.290e-01  7.635e-01 -4.871e-01]
 [ 0.000e+00  0.000e+00  0.000e+00  1.000e+00]]
########    start to calc 9th cluster. cluster_unique=[0 1 2 3 4 5 6 7 8], label 0 num: 731    ########
iteration:  1 / 4
could not find R : 6
most fitted inlier T`s num: 291
iteration:  2 / 4
could not find R : 6
iteration:  3 / 4
could not find R : 6
iteration:  4 / 4
could not find R : 6
9`s n_inlier=284
T=
[[ 0.9998  0.0164 -0.0131 -0.0749]
 [-0.0203  0.6008 -0.7992  0.1952]
 [-0.0052  0.7993  0.601   0.3491]
 [ 0.      0.      0.      1.    ]]
########    start to calc 10th cluster. cluster_unique=[0 1 2 3 4 5 6 7 8 9], label 0 num: 447    ########
iteration:  1 / 4
could not find R : 3
most fitted inlier T`s num: 202
iteration:  2 / 4
could not find R : 3
iteration:  3 / 4
could not find R : 3
iteration:  4 / 4
could not find R : 3
10`s n_inlier=190
T=
[[ 0.9827  0.1833  0.0279  0.0078]
 [-0.1678  0.9431 -0.2872  0.431 ]
 [-0.079   0.2775  0.9575  0.1514]
 [ 0.      0.      0.      1.    ]]
########    start to calc 11th cluster. cluster_unique=[ 0  1  2  3  4  5  6  7  8  9 10], label 0 num: 257    ########
iteration:  1 / 4
could not find R : 4
most fitted inlier T`s num: 125
iteration:  2 / 4
could not find R : 4
iteration:  3 / 4
could not find R : 4
iteration:  4 / 4
could not find R : 4
11`s n_inlier=125
T=
[[ 0.9576 -0.1476  0.2473  0.0166]
 [ 0.1087  0.9804  0.1642  0.4627]
 [-0.2667 -0.1303  0.9549  0.0649]
 [ 0.      0.      0.      1.    ]]
########    start to calc 12th cluster. cluster_unique=[ 0  1  2  3  4  5  6  7  8  9 10 11], label 0 num: 132    ########
iteration:  1 / 4
could not find R : 7
most fitted inlier T`s num: 51
iteration:  2 / 4
could not find R : 7
iteration:  3 / 4
could not find R : 7
iteration:  4 / 4
could not find R : 7
12`s n_inlier=51
T=
[[ 0.9415 -0.2134 -0.2608  0.1513]
 [ 0.0885  0.9033 -0.4197  0.4075]
 [ 0.3252  0.372   0.8694 -0.2206]
 [ 0.      0.      0.      1.    ]]
########    start to calc 13th cluster. cluster_unique=[ 0  1  2  3  4  5  6  7  8  9 10 11 12], label 0 num: 81    ########
iteration:  1 / 4
could not find R : 4
most fitted inlier T`s num: 48
iteration:  2 / 4
could not find R : 4
iteration:  3 / 4
could not find R : 4
iteration:  4 / 4
could not find R : 4
13`s n_inlier=48
T=
[[ 9.819e-01  9.000e-02  1.666e-01 -8.000e-04]
 [-1.423e-01  9.312e-01  3.356e-01  4.570e-01]
 [-1.250e-01 -3.532e-01  9.272e-01  7.590e-02]
 [ 0.000e+00  0.000e+00  0.000e+00  1.000e+00]]
########    start to calc 14th cluster. cluster_unique=[ 0  1  2  3  4  5  6  7  8  9 10 11 12 13], label 0 num: 33    ########
iteration:  1 / 4
could not find R : 3
most fitted inlier T`s num: 21
iteration:  2 / 4
could not find R : 3
iteration:  3 / 4
could not find R : 3
iteration:  4 / 4
could not find R : 3
14`s n_inlier=18
T=
[[ 0.9168  0.145   0.3722 -0.0797]
 [ 0.0663  0.8636 -0.4997  0.3961]
 [-0.3939  0.4828  0.7821 -0.3178]
 [ 0.      0.      0.      1.    ]]
########    start to calc 15th cluster. cluster_unique=[ 0  1  2  3  4  5  6  7  8  9 10 11 12 13 14], label 0 num: 15    ########
iteration:  1 / 4
could not find R : 7
most fitted inlier T`s num: 9
iteration:  2 / 4
could not find R : 7
iteration:  3 / 4
could not find R : 7
iteration:  4 / 4
could not find R : 7
15`s n_inlier=9
T=
[[ 0.9417  0.1896  0.2779  0.1645]
 [-0.045   0.8896 -0.4544  0.3274]
 [-0.3334  0.4154  0.8463  0.2991]
 [ 0.      0.      0.      1.    ]]
########    start to calc 16th cluster. cluster_unique=[ 0  1  2  3  4  5  6  7  8  9 10 11 12 13 14 15], label 0 num: 6    ########
iteration:  1 / 4
could not find R : 4
most fitted inlier T`s num: 6
iteration:  2 / 4
could not find R : 4
iteration:  3 / 4
could not find R : 4
iteration:  4 / 4
could not find R : 4
16`s n_inlier=6
T=
[[ 0.3934  0.9071 -0.1497 -0.3915]
 [ 0.4211 -0.3225 -0.8477  1.0357]
 [-0.8173  0.2705 -0.5089 -0.0781]
 [ 0.      0.      0.      1.    ]]
The number of label 0 is smaller than sample size.

RANSAC finished
label unique: [ 1  2  3  4  5  6  7  8  9 10 11 12 13 14 15 16]
labels` inlier num: [   0. 1934. 1082. 1015.  715.  461.  325.  317.  310.  284.  190.  125.
   51.   48.   18.    9.    6.]

colors = 
[[1.    0.    0.   ]
 [1.    0.375 0.   ]
 [1.    0.75  0.   ]
 [0.875 1.    0.   ]
 [0.5   1.    0.   ]
 [0.125 1.    0.   ]
 [0.    1.    0.25 ]
 [0.    1.    0.625]
 [0.    1.    1.   ]
 [0.    0.625 1.   ]
 [0.    0.25  1.   ]
 [0.125 0.    1.   ]
 [0.5   0.    1.   ]
 [0.875 0.    1.   ]
 [1.    0.    0.75 ]
 [1.    0.    0.375]]
(189, 6890, 7)
fin
*******************************    frame 80 and 90  (9/18)     *****************************
########    start to calc 1th cluster. cluster_unique=[0], label 0 num: 6890    ########
iteration:  1 / 4
could not find R : 4
most fitted inlier T`s num: 1928
iteration:  2 / 4
could not find R : 4
iteration:  3 / 4
could not find R : 4
iteration:  4 / 4
could not find R : 4
1`s n_inlier=1815
T=
[[ 0.9983  0.0574 -0.0081 -0.0512]
 [-0.0579  0.977  -0.2053 -0.0194]
 [-0.0039  0.2054  0.9787 -0.1864]
 [ 0.      0.      0.      1.    ]]
########    start to calc 2th cluster. cluster_unique=[0 1], label 0 num: 5075    ########
iteration:  1 / 4
could not find R : 6
most fitted inlier T`s num: 1162
iteration:  2 / 4
could not find R : 6
iteration:  3 / 4
could not find R : 6
iteration:  4 / 4
could not find R : 6
2`s n_inlier=1109
T=
[[ 0.9566 -0.1375  0.257   0.1245]
 [ 0.2683  0.7598 -0.5922  0.1399]
 [-0.1138  0.6354  0.7637 -0.6226]
 [ 0.      0.      0.      1.    ]]
########    start to calc 3th cluster. cluster_unique=[0 1 2], label 0 num: 3966    ########
iteration:  1 / 4
could not find R : 6
most fitted inlier T`s num: 1120
iteration:  2 / 4
could not find R : 6
iteration:  3 / 4
could not find R : 6
iteration:  4 / 4
could not find R : 6
3`s n_inlier=1096
T=
[[ 0.6561  0.3164 -0.6851 -0.3578]
 [-0.4815  0.8746 -0.0572  0.0625]
 [ 0.5811  0.3675  0.7262 -0.4657]
 [ 0.      0.      0.      1.    ]]
########    start to calc 4th cluster. cluster_unique=[0 1 2 3], label 0 num: 2870    ########
iteration:  1 / 4
could not find R : 3
most fitted inlier T`s num: 603
iteration:  2 / 4
could not find R : 3
iteration:  3 / 4
could not find R : 3
iteration:  4 / 4
could not find R : 3
4`s n_inlier=604
T=
[[ 0.9912  0.1226 -0.0495 -0.1193]
 [-0.132   0.8912 -0.434   0.086 ]
 [-0.0091  0.4367  0.8996 -0.4559]
 [ 0.      0.      0.      1.    ]]
########    start to calc 5th cluster. cluster_unique=[0 1 2 3 4], label 0 num: 2266    ########
iteration:  1 / 4
could not find R : 3
most fitted inlier T`s num: 396
iteration:  2 / 4
could not find R : 3
iteration:  3 / 4
could not find R : 3
iteration:  4 / 4
could not find R : 3
5`s n_inlier=411
T=
[[ 0.9961  0.0791 -0.0393 -0.0805]
 [-0.0809  0.9956 -0.0463 -0.0983]
 [ 0.0354  0.0493  0.9982 -0.0015]
 [ 0.      0.      0.      1.    ]]
########    start to calc 6th cluster. cluster_unique=[0 1 2 3 4 5], label 0 num: 1855    ########
iteration:  1 / 4
could not find R : 4
most fitted inlier T`s num: 366
iteration:  2 / 4
could not find R : 4
iteration:  3 / 4
could not find R : 4
iteration:  4 / 4
could not find R : 4
6`s n_inlier=365
T=
[[ 0.9976 -0.0119 -0.0688 -0.0106]
 [ 0.0449  0.8635  0.5024  0.2767]
 [ 0.0534 -0.5043  0.8619  0.3257]
 [ 0.      0.      0.      1.    ]]
########    start to calc 7th cluster. cluster_unique=[0 1 2 3 4 5 6], label 0 num: 1490    ########
iteration:  1 / 4
could not find R : 5
most fitted inlier T`s num: 334
iteration:  2 / 4
could not find R : 5
iteration:  3 / 4
could not find R : 5
iteration:  4 / 4
could not find R : 5
7`s n_inlier=328
T=
[[ 0.7555  0.4214 -0.5016 -0.0602]
 [-0.6205  0.706  -0.3414  0.6801]
 [ 0.2103  0.5692  0.7949 -0.0692]
 [ 0.      0.      0.      1.    ]]
########    start to calc 8th cluster. cluster_unique=[0 1 2 3 4 5 6 7], label 0 num: 1162    ########
iteration:  1 / 4
could not find R : 5
most fitted inlier T`s num: 302
iteration:  2 / 4
could not find R : 5
iteration:  3 / 4
could not find R : 5
iteration:  4 / 4
could not find R : 5
8`s n_inlier=286
T=
[[ 0.9926 -0.0426  0.1141  0.0893]
 [ 0.0299  0.9934  0.1107  0.5888]
 [-0.1181 -0.1064  0.9873  0.0255]
 [ 0.      0.      0.      1.    ]]
########    start to calc 9th cluster. cluster_unique=[0 1 2 3 4 5 6 7 8], label 0 num: 876    ########
iteration:  1 / 4
could not find R : 5
most fitted inlier T`s num: 299
iteration:  2 / 4
could not find R : 5
iteration:  3 / 4
could not find R : 5
iteration:  4 / 4
could not find R : 5
9`s n_inlier=306
T=
[[ 0.9983 -0.0576 -0.0131  0.037 ]
