n_frame=590
*******************************    frame 0 and 10  (1/58)     *****************************
########    start to calc 1th cluster. cluster_unique=[0], label 0 num: 6890    ########
iteration:  1 / 4
could not find R : 4
most fitted inlier T`s num: 6890
iteration:  2 / 4
could not find R : 4
iteration:  3 / 4
could not find R : 6
iteration:  4 / 4
could not find R : 3
1`s n_inlier=6890
T=
[[ 1.0e+00  1.3e-03  4.1e-03 -1.0e-04]
 [-1.3e-03  1.0e+00 -1.2e-03 -1.1e-03]
 [-4.1e-03  1.2e-03  1.0e+00 -1.4e-03]
 [ 0.0e+00  0.0e+00  0.0e+00  1.0e+00]]
The number of label 0 is smaller than sample size.

RANSAC finished
label unique: [1]
labels` inlier num: [   0. 6890.]

colors = 
[[1. 0. 0.]]
(590, 6890, 7)
fin
*******************************    frame 0 and 20  (2/58)     *****************************
########    start to calc 1th cluster. cluster_unique=[0], label 0 num: 6890    ########
iteration:  1 / 4
could not find R : 7
most fitted inlier T`s num: 5978
iteration:  2 / 4
could not find R : 6
iteration:  3 / 4
could not find R : 1
most fitted inlier T`s num: 5987
iteration:  4 / 4
could not find R : 4
1`s n_inlier=5729
T=
[[ 0.9997 -0.0038 -0.0239  0.0026]
 [ 0.004   1.      0.0059  0.0022]
 [ 0.0239 -0.006   0.9997  0.0021]
 [ 0.      0.      0.      1.    ]]
########    start to calc 2th cluster. cluster_unique=[0 1], label 0 num: 1161    ########
iteration:  1 / 4
could not find R : 1
most fitted inlier T`s num: 978
iteration:  2 / 4
could not find R : 4
iteration:  3 / 4
could not find R : 6
iteration:  4 / 4
could not find R : 4
2`s n_inlier=927
T=
[[ 0.9994  0.0164  0.0317 -0.0241]
 [-0.0211  0.988   0.1532  0.0374]
 [-0.0288 -0.1537  0.9877  0.0765]
 [ 0.      0.      0.      1.    ]]
########    start to calc 3th cluster. cluster_unique=[0 1 2], label 0 num: 234    ########
iteration:  1 / 4
could not find R : 4
most fitted inlier T`s num: 234
iteration:  2 / 4
could not find R : 2
iteration:  3 / 4
could not find R : 1
iteration:  4 / 4
could not find R : 8
3`s n_inlier=234
T=
[[ 0.9967 -0.0388 -0.0714  0.0287]
 [ 0.0448  0.9954  0.0851  0.0034]
 [ 0.0677 -0.0881  0.9938  0.0136]
 [ 0.      0.      0.      1.    ]]
The number of label 0 is smaller than sample size.

RANSAC finished
label unique: [1 2 3]
labels` inlier num: [   0. 5729.  927.  234.]

colors = 
[[1. 0. 0.]
 [0. 1. 0.]
 [0. 0. 1.]]
(590, 6890, 7)
fin
*******************************    frame 0 and 30  (3/58)     *****************************
########    start to calc 1th cluster. cluster_unique=[0], label 0 num: 6890    ########
iteration:  1 / 4
could not find R : 6
most fitted inlier T`s num: 4720
iteration:  2 / 4
could not find R : 3
iteration:  3 / 4
could not find R : 3
iteration:  4 / 4
could not find R : 4
1`s n_inlier=4689
T=
[[ 1.      0.0024  0.0036  0.0012]
 [-0.0024  0.9999  0.0108  0.002 ]
 [-0.0036 -0.0108  0.9999 -0.0029]
 [ 0.      0.      0.      1.    ]]
########    start to calc 2th cluster. cluster_unique=[0 1], label 0 num: 2201    ########
iteration:  1 / 4
could not find R : 7
most fitted inlier T`s num: 1124
iteration:  2 / 4
could not find R : 3
iteration:  3 / 4
could not find R : 7
iteration:  4 / 4
could not find R : 6
2`s n_inlier=1104
T=
[[ 0.9423  0.2142  0.2572 -0.1306]
 [-0.3071  0.8589  0.4098  0.1007]
 [-0.1332 -0.4652  0.8752  0.2271]
 [ 0.      0.      0.      1.    ]]
########    start to calc 3th cluster. cluster_unique=[0 1 2], label 0 num: 1097    ########
iteration:  1 / 4
could not find R : 4
most fitted inlier T`s num: 1077
iteration:  2 / 4
could not find R : 4
iteration:  3 / 4
could not find R : 7
iteration:  4 / 4
could not find R : 5
3`s n_inlier=1072
T=
[[ 0.9662 -0.2103 -0.1493  0.1415]
 [ 0.2576  0.8166  0.5166  0.1144]
 [ 0.0132 -0.5375  0.8431  0.268 ]
 [ 0.      0.      0.      1.    ]]
########    start to calc 4th cluster. cluster_unique=[0 1 2 3], label 0 num: 25    ########
iteration:  1 / 4
could not find R : 5
most fitted inlier T`s num: 24
iteration:  2 / 4
could not find R : 2
iteration:  3 / 4
could not find R : 6
iteration:  4 / 4
could not find R : 6
4`s n_inlier=20
T=
[[ 9.989e-01  8.000e-04  4.670e-02 -7.000e-03]
 [-1.080e-02  9.771e-01  2.126e-01  7.050e-02]
 [-4.550e-02 -2.129e-01  9.760e-01  1.298e-01]
 [ 0.000e+00  0.000e+00  0.000e+00  1.000e+00]]
########    start to calc 5th cluster. cluster_unique=[0 1 2 3 4], label 0 num: 5    ########
iteration:  1 / 4
could not find R : 1
most fitted inlier T`s num: 5
iteration:  2 / 4
could not find R : 9
iteration:  3 / 4
could not find R : 8
iteration:  4 / 4
could not find R : 4
5`s n_inlier=5
T=
[[ 0.979  -0.2036 -0.008   0.1596]
 [ 0.2026  0.9686  0.1439 -0.0094]
 [-0.0216 -0.1425  0.9896  0.0812]
 [ 0.      0.      0.      1.    ]]
The number of label 0 is smaller than sample size.

RANSAC finished
label unique: [1 2 3 4 5]
labels` inlier num: [   0. 4689. 1104. 1072.   20.    5.]

colors = 
[[1.  0.  0. ]
 [0.8 1.  0. ]
 [0.  1.  0.4]
 [0.  0.4 1. ]
 [0.8 0.  1. ]]
(590, 6890, 7)
fin
*******************************    frame 0 and 40  (4/58)     *****************************
########    start to calc 1th cluster. cluster_unique=[0], label 0 num: 6890    ########
iteration:  1 / 4
could not find R : 6
most fitted inlier T`s num: 4452
iteration:  2 / 4
could not find R : 6
iteration:  3 / 4
could not find R : 5
iteration:  4 / 4
could not find R : 1
most fitted inlier T`s num: 4469
1`s n_inlier=4366
T=
[[ 0.9999  0.0038  0.0116  0.0035]
 [-0.004   0.9998  0.0193  0.0058]
 [-0.0115 -0.0193  0.9997 -0.0033]
 [ 0.      0.      0.      1.    ]]
########    start to calc 2th cluster. cluster_unique=[0 1], label 0 num: 2524    ########
iteration:  1 / 4
could not find R : 5
most fitted inlier T`s num: 1038
iteration:  2 / 4
could not find R : 5
iteration:  3 / 4
could not find R : 5
iteration:  4 / 4
could not find R : 2
most fitted inlier T`s num: 1041
2`s n_inlier=1002
T=
[[ 0.5513  0.341   0.7615 -0.2731]
 [-0.8337  0.1897  0.5186  0.4129]
 [ 0.0324 -0.9207  0.3888  0.467 ]
 [ 0.      0.      0.      1.    ]]
########    start to calc 3th cluster. cluster_unique=[0 1 2], label 0 num: 1522    ########
iteration:  1 / 4
could not find R : 5
most fitted inlier T`s num: 957
iteration:  2 / 4
could not find R : 9
iteration:  3 / 4
could not find R : 6
iteration:  4 / 4
could not find R : 6
most fitted inlier T`s num: 965
3`s n_inlier=924
T=
[[ 0.6673 -0.3584 -0.6529  0.2921]
 [ 0.682  -0.0583  0.729   0.5083]
 [-0.2993 -0.9317  0.2055  0.5198]
 [ 0.      0.      0.      1.    ]]
########    start to calc 4th cluster. cluster_unique=[0 1 2 3], label 0 num: 598    ########
iteration:  1 / 4
most fitted inlier T`s num: 278
iteration:  2 / 4
could not find R : 6
most fitted inlier T`s num: 288
iteration:  3 / 4
could not find R : 6
iteration:  4 / 4
could not find R : 4
4`s n_inlier=281
T=
[[ 0.8876  0.4597  0.0289 -0.3667]
 [-0.4491  0.8498  0.276   0.1146]
 [ 0.1023 -0.258   0.9607  0.2073]
 [ 0.      0.      0.      1.    ]]
########    start to calc 5th cluster. cluster_unique=[0 1 2 3 4], label 0 num: 317    ########
iteration:  1 / 4
could not find R : 2
most fitted inlier T`s num: 232
iteration:  2 / 4
could not find R : 6
iteration:  3 / 4
could not find R : 4
iteration:  4 / 4
could not find R : 7
5`s n_inlier=228
T=
[[ 0.8959 -0.4431 -0.0332  0.363 ]
 [ 0.4365  0.8635  0.2526  0.0425]
 [-0.0832 -0.2408  0.967   0.1588]
 [ 0.      0.      0.      1.    ]]
########    start to calc 6th cluster. cluster_unique=[0 1 2 3 4 5], label 0 num: 89    ########
iteration:  1 / 4
could not find R : 4
most fitted inlier T`s num: 48
iteration:  2 / 4
could not find R : 6
iteration:  3 / 4
could not find R : 2
iteration:  4 / 4
could not find R : 7
6`s n_inlier=48
T=
[[ 0.7875 -0.3617 -0.499   0.2743]
 [ 0.6155  0.4193  0.6674  0.3065]
 [-0.0321 -0.8327  0.5528  0.4016]
 [ 0.      0.      0.      1.    ]]
########    start to calc 7th cluster. cluster_unique=[0 1 2 3 4 5 6], label 0 num: 41    ########
iteration:  1 / 4
could not find R : 1
most fitted inlier T`s num: 36
iteration:  2 / 4
could not find R : 3
most fitted inlier T`s num: 37
iteration:  3 / 4
could not find R : 10
iteration:  4 / 4
could not find R : 5
7`s n_inlier=36
T=
[[ 0.7462  0.6396  0.1847 -0.4838]
 [-0.6169  0.5599  0.5532  0.2936]
 [ 0.2504 -0.5267  0.8123  0.3787]
 [ 0.      0.      0.      1.    ]]
########    start to calc 8th cluster. cluster_unique=[0 1 2 3 4 5 6 7], label 0 num: 5    ########
iteration:  1 / 4
could not find R : 2
most fitted inlier T`s num: 5
iteration:  2 / 4
could not find R : 11
iteration:  3 / 4
could not find R : 9
iteration:  4 / 4
could not find R : 8
8`s n_inlier=5
T=
[[ 9.993e-01  9.600e-03  3.750e-02  7.000e-04]
 [-1.450e-02  9.909e-01  1.338e-01  5.780e-02]
 [-3.590e-02 -1.342e-01  9.903e-01  9.120e-02]
 [ 0.000e+00  0.000e+00  0.000e+00  1.000e+00]]
The number of label 0 is smaller than sample size.

RANSAC finished
label unique: [1 2 3 4 5 6 7 8]
labels` inlier num: [   0. 4366. 1002.  924.  281.  228.   48.   36.    5.]

colors = 
[[1.   0.   0.  ]
 [1.   0.75 0.  ]
 [0.5  1.   0.  ]
 [0.   1.   0.25]
 [0.   1.   1.  ]
 [0.   0.25 1.  ]
 [0.5  0.   1.  ]
 [1.   0.   0.75]]
(590, 6890, 7)
fin
*******************************    frame 0 and 50  (5/58)     *****************************
########    start to calc 1th cluster. cluster_unique=[0], label 0 num: 6890    ########
iteration:  1 / 4
could not find R : 5
most fitted inlier T`s num: 4145
iteration:  2 / 4
could not find R : 4
iteration:  3 / 4
could not find R : 7
most fitted inlier T`s num: 4158
iteration:  4 / 4
could not find R : 3
1`s n_inlier=4053
T=
[[ 0.9999  0.0044  0.0147  0.0056]
 [-0.0047  0.9997  0.0219  0.0068]
 [-0.0146 -0.022   0.9997 -0.0023]
 [ 0.      0.      0.      1.    ]]
########    start to calc 2th cluster. cluster_unique=[0 1], label 0 num: 2837    ########
iteration:  1 / 4
could not find R : 2
most fitted inlier T`s num: 914
iteration:  2 / 4
could not find R : 3
iteration:  3 / 4
could not find R : 7
most fitted inlier T`s num: 920
iteration:  4 / 4
could not find R : 5
2`s n_inlier=883
T=
[[ 0.058   0.0767  0.9954 -0.2843]
 [-0.7589 -0.6444  0.0938  0.9153]
 [ 0.6486 -0.7608  0.0208  0.5752]
 [ 0.      0.      0.      1.    ]]
########    start to calc 3th cluster. cluster_unique=[0 1 2], label 0 num: 1954    ########
iteration:  1 / 4
could not find R : 4
most fitted inlier T`s num: 869
iteration:  2 / 4
could not find R : 8
iteration:  3 / 4
could not find R : 1
most fitted inlier T`s num: 881
iteration:  4 / 4
could not find R : 1
3`s n_inlier=851
T=
[[ 0.1622 -0.2373 -0.9578  0.4443]
 [ 0.5257 -0.8007  0.2873  0.989 ]
 [-0.8351 -0.5501 -0.0051  0.546 ]
 [ 0.      0.      0.      1.    ]]
########    start to calc 4th cluster. cluster_unique=[0 1 2 3], label 0 num: 1103    ########
iteration:  1 / 4
could not find R : 6
most fitted inlier T`s num: 266
iteration:  2 / 4
could not find R : 5
iteration:  3 / 4
could not find R : 2
iteration:  4 / 4
could not find R : 4
4`s n_inlier=268
T=
[[ 0.7405 -0.6519  0.1633  0.6074]
 [ 0.521   0.7104  0.4732  0.2115]
 [-0.4245 -0.2654  0.8657  0.2648]
 [ 0.      0.      0.      1.    ]]
########    start to calc 5th cluster. cluster_unique=[0 1 2 3 4], label 0 num: 835    ########
iteration:  1 / 4
could not find R : 5
most fitted inlier T`s num: 250
iteration:  2 / 4
could not find R : 5
most fitted inlier T`s num: 251
iteration:  3 / 4
could not find R : 6
iteration:  4 / 4
could not find R : 6
5`s n_inlier=256
T=
[[ 0.716   0.6944  0.0716 -0.5707]
 [-0.6087  0.5709  0.5509  0.3813]
 [ 0.3417 -0.4381  0.8315  0.383 ]
 [ 0.      0.      0.      1.    ]]
########    start to calc 6th cluster. cluster_unique=[0 1 2 3 4 5], label 0 num: 579    ########
iteration:  1 / 4
could not find R : 7
most fitted inlier T`s num: 173
iteration:  2 / 4
could not find R : 4
iteration:  3 / 4
could not find R : 5
most fitted inlier T`s num: 177
iteration:  4 / 4
could not find R : 4
6`s n_inlier=182
T=
[[ 0.9982  0.0071  0.0591  0.011 ]
 [-0.0136  0.9938  0.1106  0.058 ]
 [-0.058  -0.1112  0.9921  0.0656]
 [ 0.      0.      0.      1.    ]]
########    start to calc 7th cluster. cluster_unique=[0 1 2 3 4 5 6], label 0 num: 397    ########
iteration:  1 / 4
could not find R : 6
most fitted inlier T`s num: 148
iteration:  2 / 4
could not find R : 5
most fitted inlier T`s num: 150
iteration:  3 / 4
could not find R : 5
iteration:  4 / 4
could not find R : 5
7`s n_inlier=147
T=
[[ 0.4212 -0.4121 -0.8079  0.4182]
 [ 0.8096 -0.2308  0.5397  0.6613]
 [-0.4089 -0.8814  0.2364  0.497 ]
 [ 0.      0.      0.      1.    ]]
########    start to calc 8th cluster. cluster_unique=[0 1 2 3 4 5 6 7], label 0 num: 250    ########
iteration:  1 / 4
could not find R : 2
most fitted inlier T`s num: 133
iteration:  2 / 4
could not find R : 5
iteration:  3 / 4
could not find R : 5
iteration:  4 / 4
could not find R : 4
most fitted inlier T`s num: 134
8`s n_inlier=131
T=
[[ 0.4474  0.2599  0.8557 -0.2521]
 [-0.8422 -0.1995  0.5009  0.7547]
 [ 0.3009 -0.9448  0.1297  0.5334]
 [ 0.      0.      0.      1.    ]]
########    start to calc 9th cluster. cluster_unique=[0 1 2 3 4 5 6 7 8], label 0 num: 119    ########
iteration:  1 / 4
could not find R : 4
most fitted inlier T`s num: 54
iteration:  2 / 4
could not find R : 3
iteration:  3 / 4
could not find R : 7
iteration:  4 / 4
could not find R : 5
9`s n_inlier=53
T=
[[ 0.9257  0.3734 -0.0601 -0.3021]
 [-0.3313  0.8773  0.3472  0.1545]
 [ 0.1824 -0.3015  0.9359  0.2513]
 [ 0.      0.      0.      1.    ]]
########    start to calc 10th cluster. cluster_unique=[0 1 2 3 4 5 6 7 8 9], label 0 num: 66    ########
iteration:  1 / 4
could not find R : 6
most fitted inlier T`s num: 33
iteration:  2 / 4
could not find R : 6
iteration:  3 / 4
could not find R : 2
iteration:  4 / 4
could not find R : 2
10`s n_inlier=33
T=
[[ 0.5828 -0.8096  0.0702  0.7175]
 [ 0.6507  0.5167  0.5565  0.2994]
 [-0.4868 -0.2787  0.8279  0.2724]
 [ 0.      0.      0.      1.    ]]
########    start to calc 11th cluster. cluster_unique=[ 0  1  2  3  4  5  6  7  8  9 10], label 0 num: 33    ########
iteration:  1 / 4
could not find R : 4
most fitted inlier T`s num: 19
iteration:  2 / 4
could not find R : 5
most fitted inlier T`s num: 21
iteration:  3 / 4
could not find R : 4
iteration:  4 / 4
could not find R : 1
11`s n_inlier=20
T=
[[ 0.5849  0.7485  0.3124 -0.5827]
 [-0.7096  0.2856  0.6441  0.5341]
 [ 0.3929 -0.5984  0.6982  0.4599]
 [ 0.      0.      0.      1.    ]]
########    start to calc 12th cluster. cluster_unique=[ 0  1  2  3  4  5  6  7  8  9 10 11], label 0 num: 13    ########
iteration:  1 / 4
could not find R : 9
most fitted inlier T`s num: 11
iteration:  2 / 4
could not find R : 2
iteration:  3 / 4
could not find R : 2
iteration:  4 / 4
could not find R : 8
12`s n_inlier=11
T=
[[ 0.9759  0.069   0.207  -0.0457]
 [-0.0835  0.9946  0.0622  0.0488]
 [-0.2016 -0.078   0.9764  0.0665]
 [ 0.      0.      0.      1.    ]]
The number of label 0 is smaller than sample size.

RANSAC finished
label unique: [ 0  1  2  3  4  5  6  7  8  9 10 11 12]
labels` inlier num: [2.000e+00 4.053e+03 8.830e+02 8.510e+02 2.680e+02 2.560e+02 1.820e+02
 1.470e+02 1.310e+02 5.300e+01 3.300e+01 2.000e+01 1.100e+01]

colors = 
[[1.         0.         0.        ]
 [1.         0.46153846 0.        ]
 [1.         0.92307692 0.        ]
 [0.61538462 1.         0.        ]
 [0.15384615 1.         0.        ]
 [0.         1.         0.30769231]
 [0.         1.         0.76923077]
 [0.         0.76923077 1.        ]
 [0.         0.30769231 1.        ]
 [0.15384615 0.         1.        ]
 [0.61538462 0.         1.        ]
 [1.         0.         0.92307692]
 [1.         0.         0.46153846]]
(590, 6890, 7)
fin
*******************************    frame 0 and 60  (6/58)     *****************************
########    start to calc 1th cluster. cluster_unique=[0], label 0 num: 6890    ########
iteration:  1 / 4
could not find R : 5
most fitted inlier T`s num: 3827
iteration:  2 / 4
could not find R : 4
iteration:  3 / 4
could not find R : 6
iteration:  4 / 4
could not find R : 6
most fitted inlier T`s num: 3869
1`s n_inlier=3862
T=
[[ 9.999e-01 -3.200e-03  1.320e-02  5.300e-03]
 [ 2.900e-03  9.998e-01  2.040e-02  5.700e-03]
 [-1.330e-02 -2.030e-02  9.997e-01  4.000e-04]
 [ 0.000e+00  0.000e+00  0.000e+00  1.000e+00]]
########    start to calc 2th cluster. cluster_unique=[0 1], label 0 num: 3028    ########
iteration:  1 / 4
could not find R : 2
most fitted inlier T`s num: 897
iteration:  2 / 4
could not find R : 5
most fitted inlier T`s num: 912
iteration:  3 / 4
could not find R : 4
most fitted inlier T`s num: 918
iteration:  4 / 4
could not find R : 4
most fitted inlier T`s num: 925
2`s n_inlier=891
T=
[[ 0.0111 -0.0878  0.9961 -0.2037]
 [-0.6325 -0.7722 -0.061   1.075 ]
 [ 0.7745 -0.6293 -0.0642  0.535 ]
 [ 0.      0.      0.      1.    ]]
########    start to calc 3th cluster. cluster_unique=[0 1 2], label 0 num: 2137    ########
iteration:  1 / 4
could not find R : 9
most fitted inlier T`s num: 870
iteration:  2 / 4
could not find R : 2
most fitted inlier T`s num: 875
iteration:  3 / 4
could not find R : 3
iteration:  4 / 4
could not find R : 3
3`s n_inlier=843
T=
[[ 0.0134 -0.3059 -0.952   0.5677]
 [ 0.3809 -0.8787  0.2877  1.124 ]
 [-0.9245 -0.3665  0.1048  0.4743]
 [ 0.      0.      0.      1.    ]]
########    start to calc 4th cluster. cluster_unique=[0 1 2 3], label 0 num: 1294    ########
iteration:  1 / 4
could not find R : 4
most fitted inlier T`s num: 296
iteration:  2 / 4
could not find R : 4
most fitted inlier T`s num: 304
iteration:  3 / 4
could not find R : 5
iteration:  4 / 4
could not find R : 3
4`s n_inlier=303
T=
[[ 0.9943 -0.0396  0.099   0.0434]
 [ 0.0342  0.9979  0.0553  0.0436]
 [-0.101  -0.0516  0.9935  0.0246]
 [ 0.      0.      0.      1.    ]]
########    start to calc 5th cluster. cluster_unique=[0 1 2 3 4], label 0 num: 991    ########
iteration:  1 / 4
could not find R : 3
most fitted inlier T`s num: 236
iteration:  2 / 4
could not find R : 5
iteration:  3 / 4
could not find R : 4
most fitted inlier T`s num: 241
iteration:  4 / 4
could not find R : 7
5`s n_inlier=239
T=
[[ 0.646   0.7444  0.1692 -0.5969]
 [-0.6409  0.4084  0.6499  0.5365]
 [ 0.4147 -0.5283  0.7409  0.4474]
 [ 0.      0.      0.      1.    ]]
########    start to calc 6th cluster. cluster_unique=[0 1 2 3 4 5], label 0 num: 752    ########
iteration:  1 / 4
could not find R : 7
most fitted inlier T`s num: 231
iteration:  2 / 4
could not find R : 5
iteration:  3 / 4
could not find R : 6
iteration:  4 / 4
could not find R : 8
6`s n_inlier=224
T=
[[ 0.6269 -0.7706  0.1147  0.713 ]
 [ 0.6177  0.5813  0.5297  0.2884]
 [-0.4748 -0.2612  0.8404  0.2544]
 [ 0.      0.      0.      1.    ]]
########    start to calc 7th cluster. cluster_unique=[0 1 2 3 4 5 6], label 0 num: 528    ########
iteration:  1 / 4
could not find R : 7
most fitted inlier T`s num: 147
iteration:  2 / 4
could not find R : 1
most fitted inlier T`s num: 150
iteration:  3 / 4
could not find R : 6
iteration:  4 / 4
could not find R : 5
7`s n_inlier=147
T=
[[ 0.3083 -0.5443 -0.7802  0.547 ]
 [ 0.768  -0.3416  0.5417  0.7612]
 [-0.5613 -0.7662  0.3127  0.4736]
 [ 0.      0.      0.      1.    ]]
########    start to calc 8th cluster. cluster_unique=[0 1 2 3 4 5 6 7], label 0 num: 381    ########
iteration:  1 / 4
could not find R : 6
most fitted inlier T`s num: 130
iteration:  2 / 4
could not find R : 4
iteration:  3 / 4
could not find R : 5
iteration:  4 / 4
could not find R : 4
8`s n_inlier=131
T=
[[ 0.3167  0.2385  0.918  -0.2625]
 [-0.8265 -0.4055  0.3905  0.9127]
 [ 0.4654 -0.8824  0.0687  0.5414]
 [ 0.      0.      0.      1.    ]]
########    start to calc 9th cluster. cluster_unique=[0 1 2 3 4 5 6 7 8], label 0 num: 250    ########
iteration:  1 / 4
could not find R : 5
most fitted inlier T`s num: 113
iteration:  2 / 4
could not find R : 1
most fitted inlier T`s num: 115
iteration:  3 / 4
could not find R : 6
iteration:  4 / 4
could not find R : 1
9`s n_inlier=111
T=
[[ 0.9576  0.286   0.0357 -0.2005]
 [-0.2865  0.931   0.226   0.0958]
 [ 0.0314 -0.2266  0.9735  0.1763]
 [ 0.      0.      0.      1.    ]]
########    start to calc 10th cluster. cluster_unique=[0 1 2 3 4 5 6 7 8 9], label 0 num: 139    ########
iteration:  1 / 4
could not find R : 5
most fitted inlier T`s num: 56
iteration:  2 / 4
could not find R : 6
iteration:  3 / 4
could not find R : 3
iteration:  4 / 4
could not find R : 5
10`s n_inlier=53
T=
[[ 0.9875 -0.0875 -0.131   0.089 ]
 [ 0.0852  0.9961 -0.0228  0.006 ]
 [ 0.1325  0.0113  0.9911 -0.0519]
 [ 0.      0.      0.      1.    ]]
########    start to calc 11th cluster. cluster_unique=[ 0  1  2  3  4  5  6  7  8  9 10], label 0 num: 86    ########
iteration:  1 / 4
could not find R : 6
most fitted inlier T`s num: 31
iteration:  2 / 4
could not find R : 8
most fitted inlier T`s num: 34
iteration:  3 / 4
could not find R : 5
most fitted inlier T`s num: 36
iteration:  4 / 4
could not find R : 3
11`s n_inlier=35
T=
[[ 0.5966  0.7937  0.1183 -0.6261]
 [-0.6278  0.3699  0.6849  0.5252]
 [ 0.4999 -0.4829  0.719   0.4108]
 [ 0.      0.      0.      1.    ]]
########    start to calc 12th cluster. cluster_unique=[ 0  1  2  3  4  5  6  7  8  9 10 11], label 0 num: 51    ########
iteration:  1 / 4
could not find R : 3
most fitted inlier T`s num: 27
iteration:  2 / 4
could not find R : 2
iteration:  3 / 4
could not find R : 8
iteration:  4 / 4
could not find R : 4
12`s n_inlier=27
T=
[[ 0.8775 -0.4222  0.2276  0.3929]
 [ 0.3646  0.8955  0.2554  0.0786]
 [-0.3116 -0.1411  0.9397  0.1362]
 [ 0.      0.      0.      1.    ]]
########    start to calc 13th cluster. cluster_unique=[ 0  1  2  3  4  5  6  7  8  9 10 11 12], label 0 num: 24    ########
iteration:  1 / 4
could not find R : 10
most fitted inlier T`s num: 13
iteration:  2 / 4
could not find R : 2
iteration:  3 / 4
could not find R : 3
iteration:  4 / 4
could not find R : 5
13`s n_inlier=10
T=
[[ 0.9747  0.1798  0.1327 -0.109 ]
 [-0.1837  0.9828  0.0177  0.0579]
 [-0.1273 -0.0417  0.991  -0.0066]
 [ 0.      0.      0.      1.    ]]
########    start to calc 14th cluster. cluster_unique=[ 0  1  2  3  4  5  6  7  8  9 10 11 12 13], label 0 num: 14    ########
iteration:  1 / 4
could not find R : 2
most fitted inlier T`s num: 7
iteration:  2 / 4
could not find R : 8
iteration:  3 / 4
could not find R : 5
iteration:  4 / 4
could not find R : 3
14`s n_inlier=7
T=
[[ 0.3612  0.7448  0.5611 -0.6023]
 [-0.6974 -0.1837  0.6928  0.8802]
 [ 0.619  -0.6415  0.453   0.5145]
 [ 0.      0.      0.      1.    ]]
########    start to calc 15th cluster. cluster_unique=[ 0  1  2  3  4  5  6  7  8  9 10 11 12 13 14], label 0 num: 7    ########
iteration:  1 / 4
could not find R : 2
most fitted inlier T`s num: 6
iteration:  2 / 4
could not find R : 3
iteration:  3 / 4
could not find R : 6
iteration:  4 / 4
could not find R : 5
most fitted inlier T`s num: 7
15`s n_inlier=7
T=
[[ 0.9102 -0.3884  0.144   0.3534]
 [ 0.1359  0.6084  0.7819  0.4997]
 [-0.3913 -0.6921  0.6065  0.4249]
 [ 0.      0.      0.      1.    ]]
The number of label 0 is smaller than sample size.

RANSAC finished
label unique: [ 1  2  3  4  5  6  7  8  9 10 11 12 13 14 15]
labels` inlier num: [   0. 3862.  891.  843.  303.  239.  224.  147.  131.  111.   53.   35.
   27.   10.    7.    7.]

colors = 
[[1.  0.  0. ]
 [1.  0.4 0. ]
 [1.  0.8 0. ]
 [0.8 1.  0. ]
 [0.4 1.  0. ]
 [0.  1.  0. ]
 [0.  1.  0.4]
 [0.  1.  0.8]
 [0.  0.8 1. ]
 [0.  0.4 1. ]
 [0.  0.  1. ]
 [0.4 0.  1. ]
 [0.8 0.  1. ]
 [1.  0.  0.8]
 [1.  0.  0.4]]
(590, 6890, 7)
fin
*******************************    frame 0 and 70  (7/58)     *****************************
########    start to calc 1th cluster. cluster_unique=[0], label 0 num: 6890    ########
iteration:  1 / 4
could not find R : 6
most fitted inlier T`s num: 3005
iteration:  2 / 4
could not find R : 5
iteration:  3 / 4
could not find R : 2
iteration:  4 / 4
could not find R : 4
1`s n_inlier=2935
T=
[[ 0.9999 -0.0044  0.0106  0.0017]
 [ 0.0043  1.      0.0086  0.0057]
 [-0.0106 -0.0085  0.9999  0.0065]
 [ 0.      0.      0.      1.    ]]
########    start to calc 2th cluster. cluster_unique=[0 1], label 0 num: 3955    ########
iteration:  1 / 4
could not find R : 2
most fitted inlier T`s num: 1087
iteration:  2 / 4
could not find R : 3
iteration:  3 / 4
could not find R : 6
iteration:  4 / 4
could not find R : 9
most fitted inlier T`s num: 1093
2`s n_inlier=1081
T=
[[ 0.9666 -0.107  -0.2328  0.0696]
 [ 0.0933  0.9932 -0.0691  0.0038]
 [ 0.2387  0.0451  0.9701 -0.0939]
 [ 0.      0.      0.      1.    ]]
########    start to calc 3th cluster. cluster_unique=[0 1 2], label 0 num: 2874    ########
iteration:  1 / 4
could not find R : 3
most fitted inlier T`s num: 934
iteration:  2 / 4
could not find R : 8
iteration:  3 / 4
could not find R : 3
most fitted inlier T`s num: 936
iteration:  4 / 4
could not find R : 6
3`s n_inlier=895
T=
[[-0.008   0.0215  0.9997 -0.2831]
 [-0.6311 -0.7756  0.0116  1.0823]
 [ 0.7756 -0.6309  0.0198  0.4861]
 [ 0.      0.      0.      1.    ]]
########    start to calc 4th cluster. cluster_unique=[0 1 2 3], label 0 num: 1979    ########
iteration:  1 / 4
could not find R : 5
most fitted inlier T`s num: 869
iteration:  2 / 4
could not find R : 6
iteration:  3 / 4
could not find R : 5
iteration:  4 / 4
could not find R : 1
4`s n_inlier=838
T=
[[ 0.1318 -0.3341 -0.9333  0.525 ]
 [ 0.3495 -0.8654  0.3591  1.1306]
 [-0.9276 -0.3735  0.0027  0.5209]
 [ 0.      0.      0.      1.    ]]
########    start to calc 5th cluster. cluster_unique=[0 1 2 3 4], label 0 num: 1141    ########
iteration:  1 / 4
could not find R : 4
most fitted inlier T`s num: 234
iteration:  2 / 4
could not find R : 4
most fitted inlier T`s num: 245
iteration:  3 / 4
could not find R : 5
iteration:  4 / 4
could not find R : 5
5`s n_inlier=243
T=
[[ 0.976   0.2158 -0.0298 -0.1563]
 [-0.2112  0.9708  0.1142  0.0445]
 [ 0.0536 -0.1052  0.993   0.0638]
 [ 0.      0.      0.      1.    ]]
########    start to calc 6th cluster. cluster_unique=[0 1 2 3 4 5], label 0 num: 898    ########
iteration:  1 / 4
could not find R : 2
most fitted inlier T`s num: 214
iteration:  2 / 4
could not find R : 2
most fitted inlier T`s num: 230
iteration:  3 / 4
could not find R : 4
iteration:  4 / 4
could not find R : 2
6`s n_inlier=231
T=
[[ 0.7189 -0.6875  0.1022  0.6236]
 [ 0.6099  0.6945  0.3816  0.1928]
 [-0.3333 -0.212   0.9187  0.2268]
 [ 0.      0.      0.      1.    ]]
########    start to calc 7th cluster. cluster_unique=[0 1 2 3 4 5 6], label 0 num: 667    ########
iteration:  1 / 4
could not find R : 8
most fitted inlier T`s num: 217
iteration:  2 / 4
could not find R : 6
iteration:  3 / 4
could not find R : 4
iteration:  4 / 4
could not find R : 5
7`s n_inlier=218
T=
[[ 0.5739  0.8127  0.1005 -0.6791]
 [-0.5787  0.3156  0.752   0.6251]
 [ 0.5794 -0.4897  0.6515  0.4048]
 [ 0.      0.      0.      1.    ]]
########    start to calc 8th cluster. cluster_unique=[0 1 2 3 4 5 6 7], label 0 num: 449    ########
iteration:  1 / 4
could not find R : 7
most fitted inlier T`s num: 165
iteration:  2 / 4
could not find R : 4
most fitted inlier T`s num: 168
iteration:  3 / 4
could not find R : 1
most fitted inlier T`s num: 169
iteration:  4 / 4
could not find R : 7
8`s n_inlier=163
T=
[[ 0.3916 -0.5268 -0.7544  0.505 ]
 [ 0.7571 -0.2815  0.5895  0.7354]
 [-0.5229 -0.802   0.2886  0.5191]
 [ 0.      0.      0.      1.    ]]
########    start to calc 9th cluster. cluster_unique=[0 1 2 3 4 5 6 7 8], label 0 num: 286    ########
iteration:  1 / 4
could not find R : 6
most fitted inlier T`s num: 114
iteration:  2 / 4
could not find R : 6
iteration:  3 / 4
could not find R : 4
iteration:  4 / 4
could not find R : 3
9`s n_inlier=113
T=
[[ 0.3319  0.2918  0.8971 -0.3054]
 [-0.7962 -0.4232  0.4323  0.931 ]
 [ 0.5058 -0.8578  0.0919  0.4879]
 [ 0.      0.      0.      1.    ]]
########    start to calc 10th cluster. cluster_unique=[0 1 2 3 4 5 6 7 8 9], label 0 num: 173    ########
iteration:  1 / 4
could not find R : 7
most fitted inlier T`s num: 52
iteration:  2 / 4
could not find R : 6
iteration:  3 / 4
could not find R : 3
most fitted inlier T`s num: 56
iteration:  4 / 4
could not find R : 3
10`s n_inlier=56
T=
[[ 0.9966  0.0678  0.0457 -0.0449]
 [-0.0798  0.9289  0.3617  0.162 ]
 [-0.0179 -0.3642  0.9312  0.239 ]
 [ 0.      0.      0.      1.    ]]
########    start to calc 11th cluster. cluster_unique=[ 0  1  2  3  4  5  6  7  8  9 10], label 0 num: 117    ########
iteration:  1 / 4
could not find R : 3
most fitted inlier T`s num: 34
iteration:  2 / 4
could not find R : 4
most fitted inlier T`s num: 35
iteration:  3 / 4
could not find R : 7
most fitted inlier T`s num: 38
iteration:  4 / 4
could not find R : 4
11`s n_inlier=35
T=
[[ 0.4923  0.8695  0.0404 -0.7174]
 [-0.59    0.2993  0.7499  0.5931]
 [ 0.6399 -0.393   0.6604  0.3393]
 [ 0.      0.      0.      1.    ]]
########    start to calc 12th cluster. cluster_unique=[ 0  1  2  3  4  5  6  7  8  9 10 11], label 0 num: 82    ########
iteration:  1 / 4
could not find R : 1
most fitted inlier T`s num: 34
iteration:  2 / 4
could not find R : 4
iteration:  3 / 4
could not find R : 5
iteration:  4 / 4
could not find R : 4
12`s n_inlier=34
T=
[[ 9.979e-01  1.800e-03 -6.470e-02  9.200e-03]
 [ 9.000e-04  9.991e-01  4.210e-02  1.850e-02]
 [ 6.470e-02 -4.210e-02  9.970e-01  1.390e-02]
 [ 0.000e+00  0.000e+00  0.000e+00  1.000e+00]]
########    start to calc 13th cluster. cluster_unique=[ 0  1  2  3  4  5  6  7  8  9 10 11 12], label 0 num: 48    ########
iteration:  1 / 4
could not find R : 2
most fitted inlier T`s num: 25
iteration:  2 / 4
could not find R : 6
iteration:  3 / 4
could not find R : 9
most fitted inlier T`s num: 26
iteration:  4 / 4
could not find R : 3
13`s n_inlier=24
T=
[[ 0.5308 -0.8457 -0.0549  0.7427]
 [ 0.728   0.4218  0.5405  0.3439]
 [-0.434  -0.3268  0.8396  0.308 ]
 [ 0.      0.      0.      1.    ]]
########    start to calc 14th cluster. cluster_unique=[ 0  1  2  3  4  5  6  7  8  9 10 11 12 13], label 0 num: 24    ########
iteration:  1 / 4
could not find R : 8
most fitted inlier T`s num: 13
iteration:  2 / 4
could not find R : 3
most fitted inlier T`s num: 14
iteration:  3 / 4
could not find R : 2
iteration:  4 / 4
could not find R : 5
14`s n_inlier=15
T=
[[ 0.7993 -0.5319 -0.2799  0.4252]
 [ 0.53    0.8433 -0.0891  0.0209]
 [ 0.2834 -0.0771  0.9559 -0.0317]
 [ 0.      0.      0.      1.    ]]
########    start to calc 15th cluster. cluster_unique=[ 0  1  2  3  4  5  6  7  8  9 10 11 12 13 14], label 0 num: 9    ########
iteration:  1 / 4
could not find R : 4
most fitted inlier T`s num: 8
iteration:  2 / 4
could not find R : 1
iteration:  3 / 4
could not find R : 10
iteration:  4 / 4
could not find R : 9
15`s n_inlier=7
T=
[[ 0.8867  0.3956 -0.2392 -0.3304]
 [-0.3074  0.891   0.3341  0.1535]
 [ 0.3454 -0.2227  0.9117  0.1822]
 [ 0.      0.      0.      1.    ]]
The number of label 0 is smaller than sample size.

RANSAC finished
label unique: [ 0  1  2  3  4  5  6  7  8  9 10 11 12 13 14 15]
labels` inlier num: [2.000e+00 2.935e+03 1.081e+03 8.950e+02 8.380e+02 2.430e+02 2.310e+02
 2.180e+02 1.630e+02 1.130e+02 5.600e+01 3.500e+01 3.400e+01 2.400e+01
 1.500e+01 7.000e+00]

colors = 
[[1.    0.    0.   ]
 [1.    0.375 0.   ]
 [1.    0.75  0.   ]
 [0.875 1.    0.   ]
 [0.5   1.    0.   ]
 [0.125 1.    0.   ]
 [0.    1.    0.25 ]
 [0.    1.    0.625]
 [0.    1.    1.   ]
 [0.    0.625 1.   ]
 [0.    0.25  1.   ]
 [0.125 0.    1.   ]
 [0.5   0.    1.   ]
 [0.875 0.    1.   ]
 [1.    0.    0.75 ]
 [1.    0.    0.375]]
(590, 6890, 7)
fin
*******************************    frame 0 and 80  (8/58)     *****************************
########    start to calc 1th cluster. cluster_unique=[0], label 0 num: 6890    ########
iteration:  1 / 4
could not find R : 7
most fitted inlier T`s num: 1681
iteration:  2 / 4
could not find R : 5
most fitted inlier T`s num: 1714
iteration:  3 / 4
could not find R : 3
iteration:  4 / 4
could not find R : 11
1`s n_inlier=1608
T=
[[ 0.773   0.0386 -0.6332 -0.1386]
 [-0.0446  0.999   0.0064  0.0013]
 [ 0.6329  0.0233  0.7739 -0.1097]
 [ 0.      0.      0.      1.    ]]
########    start to calc 2th cluster. cluster_unique=[0 1], label 0 num: 5282    ########
iteration:  1 / 4
could not find R : 3
most fitted inlier T`s num: 1434
iteration:  2 / 4
could not find R : 3
iteration:  3 / 4
could not find R : 1
iteration:  4 / 4
could not find R : 3
2`s n_inlier=1381
T=
[[ 0.9996 -0.0261 -0.0108 -0.0193]
 [ 0.026   0.9996 -0.0107 -0.001 ]
 [ 0.0111  0.0105  0.9999  0.014 ]
 [ 0.      0.      0.      1.    ]]
########    start to calc 3th cluster. cluster_unique=[0 1 2], label 0 num: 3901    ########
iteration:  1 / 4
could not find R : 2
most fitted inlier T`s num: 940
iteration:  2 / 4
could not find R : 9
iteration:  3 / 4
could not find R : 3
iteration:  4 / 4
could not find R : 10
3`s n_inlier=903
T=
[[-0.374   0.2932  0.8799 -0.558 ]
 [-0.6081 -0.7939  0.006   1.0845]
 [ 0.7002 -0.5328  0.4752  0.2731]
 [ 0.      0.      0.      1.    ]]
########    start to calc 4th cluster. cluster_unique=[0 1 2 3], label 0 num: 2998    ########
iteration:  1 / 4
could not find R : 2
most fitted inlier T`s num: 891
iteration:  2 / 4
could not find R : 14
iteration:  3 / 4
could not find R : 1
iteration:  4 / 4
could not find R : 6
4`s n_inlier=869
T=
[[ 0.9537  0.0053 -0.3006 -0.0618]
 [ 0.0148  0.9978  0.0644  0.0216]
 [ 0.3003 -0.0659  0.9516  0.0218]
 [ 0.      0.      0.      1.    ]]
########    start to calc 5th cluster. cluster_unique=[0 1 2 3 4], label 0 num: 2129    ########
iteration:  1 / 4
could not find R : 6
most fitted inlier T`s num: 869
iteration:  2 / 4
could not find R : 4
iteration:  3 / 4
could not find R : 6
most fitted inlier T`s num: 870
iteration:  4 / 4
could not find R : 4
5`s n_inlier=843
T=
[[ 0.4724 -0.0419 -0.8804  0.1478]
 [ 0.3283 -0.9186  0.2199  1.2032]
 [-0.818  -0.3929 -0.4202  0.6139]
 [ 0.      0.      0.      1.    ]]
########    start to calc 6th cluster. cluster_unique=[0 1 2 3 4 5], label 0 num: 1286    ########
iteration:  1 / 4
could not find R : 7
most fitted inlier T`s num: 302
iteration:  2 / 4
could not find R : 6
iteration:  3 / 4
could not find R : 7
most fitted inlier T`s num: 309
iteration:  4 / 4
could not find R : 6
6`s n_inlier=320
T=
[[ 0.9065 -0.0073 -0.4222 -0.0639]
 [ 0.0693  0.9889  0.1316  0.0657]
 [ 0.4165 -0.1486  0.8969  0.0742]
 [ 0.      0.      0.      1.    ]]
########    start to calc 7th cluster. cluster_unique=[0 1 2 3 4 5 6], label 0 num: 966    ########
iteration:  1 / 4
could not find R : 2
most fitted inlier T`s num: 225
iteration:  2 / 4
could not find R : 1
most fitted inlier T`s num: 230
iteration:  3 / 4
could not find R : 4
iteration:  4 / 4
could not find R : 8
7`s n_inlier=233
T=
[[ 0.2664  0.9424 -0.2023 -0.8711]
 [-0.5758  0.3239  0.7507  0.6064]
 [ 0.773  -0.0835  0.6289  0.0385]
 [ 0.      0.      0.      1.    ]]
########    start to calc 8th cluster. cluster_unique=[0 1 2 3 4 5 6 7], label 0 num: 733    ########
iteration:  1 / 4
could not find R : 5
most fitted inlier T`s num: 217
iteration:  2 / 4
could not find R : 6
most fitted inlier T`s num: 221
iteration:  3 / 4
could not find R : 4
most fitted inlier T`s num: 224
iteration:  4 / 4
could not find R : 4
8`s n_inlier=223
T=
[[ 0.7474 -0.601  -0.2831  0.4674]
 [ 0.6546  0.5934  0.4684  0.289 ]
 [-0.1135 -0.5354  0.8369  0.5017]
 [ 0.      0.      0.      1.    ]]
########    start to calc 9th cluster. cluster_unique=[0 1 2 3 4 5 6 7 8], label 0 num: 510    ########
iteration:  1 / 4
could not find R : 8
most fitted inlier T`s num: 160
iteration:  2 / 4
could not find R : 5
iteration:  3 / 4
could not find R : 4
most fitted inlier T`s num: 161
iteration:  4 / 4
could not find R : 5
9`s n_inlier=156
T=
[[ 0.4477 -0.1321 -0.8844  0.2062]
 [ 0.7919 -0.4007  0.4608  0.81  ]
 [-0.4153 -0.9066 -0.0748  0.6617]
 [ 0.      0.      0.      1.    ]]
########    start to calc 10th cluster. cluster_unique=[0 1 2 3 4 5 6 7 8 9], label 0 num: 354    ########
iteration:  1 / 4
could not find R : 4
most fitted inlier T`s num: 104
iteration:  2 / 4
could not find R : 2
iteration:  3 / 4
could not find R : 2
iteration:  4 / 4
could not find R : 4
most fitted inlier T`s num: 106
10`s n_inlier=105
T=
[[ 0.0546  0.6636  0.7461 -0.5969]
 [-0.7834 -0.4349  0.4441  0.9282]
 [ 0.6192 -0.6087  0.4961  0.2661]
 [ 0.      0.      0.      1.    ]]
########    start to calc 11th cluster. cluster_unique=[ 0  1  2  3  4  5  6  7  8  9 10], label 0 num: 249    ########
iteration:  1 / 4
could not find R : 3
most fitted inlier T`s num: 103
iteration:  2 / 4
could not find R : 3
iteration:  3 / 4
could not find R : 9
most fitted inlier T`s num: 107
iteration:  4 / 4
could not find R : 5
11`s n_inlier=104
T=
[[ 0.8548  0.2804 -0.4366 -0.2716]
 [-0.2535  0.9599  0.1201  0.0428]
 [ 0.4528  0.008   0.8916 -0.0502]
 [ 0.      0.      0.      1.    ]]
########    start to calc 12th cluster. cluster_unique=[ 0  1  2  3  4  5  6  7  8  9 10 11], label 0 num: 145    ########
iteration:  1 / 4
could not find R : 7
most fitted inlier T`s num: 39
iteration:  2 / 4
could not find R : 7
most fitted inlier T`s num: 42
iteration:  3 / 4
could not find R : 2
iteration:  4 / 4
could not find R : 6
12`s n_inlier=40
T=
[[ 0.6212 -0.6654 -0.4139  0.5126]
 [ 0.7436  0.334   0.5792  0.431 ]
 [-0.2472 -0.6676  0.7023  0.5848]
 [ 0.      0.      0.      1.    ]]
########    start to calc 13th cluster. cluster_unique=[ 0  1  2  3  4  5  6  7  8  9 10 11 12], label 0 num: 105    ########
iteration:  1 / 4
could not find R : 7
most fitted inlier T`s num: 39
iteration:  2 / 4
could not find R : 10
iteration:  3 / 4
could not find R : 1
iteration:  4 / 4
could not find R : 7
13`s n_inlier=33
T=
[[ 0.9821 -0.0447 -0.1831 -0.0427]
 [ 0.0491  0.9986  0.0196  0.0017]
 [ 0.182  -0.0283  0.9829  0.0147]
 [ 0.      0.      0.      1.    ]]
########    start to calc 14th cluster. cluster_unique=[ 0  1  2  3  4  5  6  7  8  9 10 11 12 13], label 0 num: 72    ########
iteration:  1 / 4
could not find R : 6
most fitted inlier T`s num: 37
iteration:  2 / 4
could not find R : 5
iteration:  3 / 4
could not find R : 6
iteration:  4 / 4
could not find R : 4
14`s n_inlier=38
T=
[[-0.0947  0.9576 -0.2722 -0.9204]
 [-0.5605  0.1747  0.8095  0.671 ]
 [ 0.8227  0.2292  0.5202 -0.1771]
 [ 0.      0.      0.      1.    ]]
########    start to calc 15th cluster. cluster_unique=[ 0  1  2  3  4  5  6  7  8  9 10 11 12 13 14], label 0 num: 34    ########
iteration:  1 / 4
could not find R : 10
most fitted inlier T`s num: 18
iteration:  2 / 4
could not find R : 4
most fitted inlier T`s num: 19
iteration:  3 / 4
could not find R : 11
iteration:  4 / 4
could not find R : 4
15`s n_inlier=21
T=
[[ 0.9069  0.2619 -0.33   -0.2529]
 [-0.1459  0.9301  0.3372  0.1382]
 [ 0.3952 -0.2577  0.8817  0.1349]
 [ 0.      0.      0.      1.    ]]
########    start to calc 16th cluster. cluster_unique=[ 0  1  2  3  4  5  6  7  8  9 10 11 12 13 14 15], label 0 num: 13    ########
iteration:  1 / 4
could not find R : 3
most fitted inlier T`s num: 8
iteration:  2 / 4
could not find R : 3
iteration:  3 / 4
could not find R : 3
iteration:  4 / 4
could not find R : 2
16`s n_inlier=8
T=
[[ 0.9255  0.1047 -0.3641 -0.1835]
 [-0.0018  0.9623  0.272   0.1253]
 [ 0.3788 -0.251   0.8908  0.1598]
 [ 0.      0.      0.      1.    ]]
########    start to calc 17th cluster. cluster_unique=[ 0  1  2  3  4  5  6  7  8  9 10 11 12 13 14 15 16], label 0 num: 5    ########
iteration:  1 / 4
could not find R : 8
most fitted inlier T`s num: 3
iteration:  2 / 4
could not find R : 5
iteration:  3 / 4
could not find R : 4
iteration:  4 / 4
could not find R : 6
17`s n_inlier=3
T=
[[ 0.6351 -0.6389 -0.4341  0.5089]
 [ 0.751   0.3794  0.5404  0.3957]
 [-0.1805 -0.6692  0.7208  0.599 ]
 [ 0.      0.      0.      1.    ]]
The number of label 0 is smaller than sample size.

RANSAC finished
label unique: [ 0  1  2  3  4  5  6  7  8  9 10 11 12 13 14 15 16 17]
