n_frame=590
./result/A01_pc_array/frames/0_589_10/ is already exists. Overwrite? (y/n)    Traceback (most recent call last):
  File "/home/misaki/ドキュメント/Github/soturon/main_batch.py", line 34, in <module>
    darray2video = NDARRAY2VIDEO(pc_array_path, output_dir)
  File "/home/misaki/ドキュメント/Github/soturon/tools.py", line 46, in __init__
    y_n = input(f"{self.output_dir} is already exists. Overwrite? (y/n)    ")
OSError: [Errno 9] Bad file descriptor
n_frame=590
*******************************    frame 0 and 10  (1/58)     *****************************
########    start to calc 1th cluster. cluster_unique=[0], label 0 num: 6890    ########
iteration:  1 / 4
could not find R : 5
most fitted inlier T`s num: 6890
iteration:  2 / 4
could not find R : 4
iteration:  3 / 4
could not find R : 4
iteration:  4 / 4
could not find R : 3
クラスタラベル: [0 0 0 ... 0 0 0]
1`s n_inlier=6890
T=
[[ 1.0e+00  1.3e-03  4.1e-03 -1.0e-04]
 [-1.3e-03  1.0e+00 -1.2e-03 -1.1e-03]
 [-4.1e-03  1.2e-03  1.0e+00 -1.4e-03]
 [ 0.0e+00  0.0e+00  0.0e+00  1.0e+00]]
The number of label 0 is smaller than sample size.

RANSAC finished
label unique: [1 2 3 4]
labels` inlier num: [   0. 6890.]

colors = 
[[1.  0.  0. ]
 [0.5 1.  0. ]
 [0.  1.  1. ]
 [0.5 0.  1. ]]
(590, 6890, 7)
fin
*******************************    frame 10 and 20  (2/58)     *****************************
########    start to calc 1th cluster. cluster_unique=[0], label 0 num: 6890    ########
iteration:  1 / 4
could not find R : 3
most fitted inlier T`s num: 5955
iteration:  2 / 4
could not find R : 4
most fitted inlier T`s num: 5956
iteration:  3 / 4
could not find R : 1
iteration:  4 / 4
could not find R : 9
クラスタラベル: [0 0 0 ... 0 0 0]
1`s n_inlier=5649
T=
[[ 0.9996 -0.0049 -0.0281  0.0025]
 [ 0.0051  1.      0.0073  0.0034]
 [ 0.0281 -0.0074  0.9996  0.0035]
 [ 0.      0.      0.      1.    ]]
########    start to calc 2th cluster. cluster_unique=[0 1 2 3 4], label 0 num: 1241    ########
iteration:  1 / 4
could not find R : 8
most fitted inlier T`s num: 935
iteration:  2 / 4
could not find R : 2
most fitted inlier T`s num: 1020
iteration:  3 / 4
could not find R : 5
iteration:  4 / 4
could not find R : 6
クラスタラベル: [0 0 0 0 0 0 0 0 0 0 0 0 0 0 0 0 0 0 0 0 0 0 0 0 0 0 0 0 0 0 0 0 0 0 0 0 0
 0 0 0 0 0 0 0 0 0 0 0 0 0 0 0 0 0 0 0 0 0 0 0 0 0 0 0 0 0 0 0 0 0 0 0 0 0
 0 0 0 0 0 0 0 0 0 0 0 0 0 0 0 0 0 0 0 0 0 0 0 0 0 0 0 0 0 0 0 0 0 0 0 0 0
 0 0 0 0 0 0 0 0 0 0 0 0 0 0 0 0 0 0 0 0 0 0 0 0 0 0 0 0 0 0 0 0 0 0 0 0 0
 0 0 0 0 0 0 0 0 0 0 0 0 0 0 0 0 0 0 0 0 0 0 0 0 0 0 0 0 0 0 0 0 0 0 0 0 0
 0 0 0 0 0 0 0 0 0 0 0 0 0 0 0 0 0 0 0 0 0 0 0 0 0 0 0 0 0 0 0 0 0 0 0 0 0
 0 0 0 0 0 0 0 0 0 0 0 0 0 0 0 0 0 0 0 0 0 0 0 0 0 0 0 0 0 0 0 0 0 0 0 0 0
 0 0 0 0 0 0 0 0 0 0 0 0 0 0 0 0 0 0 0 0 0 0 0 0 0 0 0 0 0 0 0 0 0 0 0 0 0
 0 0 0 0 0 0 0 0 0 0 0 0 0 0 0 0 0 0 0 0 0 0 0 0 0 0 0 0 0 0 0 0 0 0 0 0 0
 0 0 0 0 0 0 0 0 0 0 0 0 0 0 0 0 0 0 0 0 0 0 0 0 0 0 0 0 0 0 0 0 0 0 0 0 0
 0 0 0 0 0 0 0 0 0 0 0 0 0 0 0 0 0 0 0 0 0 0 0 0 0 0 0 0 0 0 0 0 0 0 0 0 0
 0 0 0 0 0 0 0 0 0 0 0 0 0 0 0 0 0 0 0 0 0 0 0 0 0 0 0 0 0 0 0 0 0 0 0 0 0
 0 0 0 0 0 0 0 0 0 0 0 0 0 0 0 0 0 0 0 0 0 0 0 0 0 0 0 0 0 0 0 0 0 0 0 0 0
 0 0 0 0 0 0 0 0 0 0 0 0 0 0 0 0 0 0 0 0 0 0 0 0 0 0 0 0 0 0 0 0 0 0 0 0 0
 0 0 0 0 0 0 0 0 0 0 0 0 0 0 0 0 0 0 0 0 0 0 0 0 0 0 0 0 0 0 0 0 0 0 0 0 0
 0 0 0 0 0 0 0 0 0 0 0 0 0 0 0 0 0 0 0 0 0 0 0 0 0 0 0 0 0 0 0 0 0 0 0 0 0
 0 0 0 0 0 0 0 0 0 0 0 0 0 0 0 0 0 0 0 0 0 0 0 0 0 0 0 0 0 0 0 0 0 0 0 0 0
 0 0 0 0 0 0 0 0 0 0 0 0 0 0 0 0 0 0 0 0 0 0 0 0 0 0 0 0 0 0 0 0 0 0 0 0 0
 0 0 0 0 0 0 0 0 0 0 0 0 0 0 0 0 0 0 0 0 0 0 0 0 0 0 0 0 0 0 0 0 0 0 0 0 0
 0 0 0 0 0 0 0 0 0 0 0 0 0 0 0 0 0 0 0 0 0 0 0 0 0 0 0 0 0 0 0 0 0 0 0 0 0
 0 0 0 0 0 0 0 0 0 0 0 0 0 0 0 0 0 0 0 0 0 0 0 0 0 0 0 0 0 0 0 0 0 0 0 0 0
 0 0 0 0 0 0 0 0 0 0 0 0 0 0 0 0 0 0 0 0 0 0 0 0 0 0 0 0 0 0 0 0 0 0 0 0 0
 0 0 0 0 0 0 0 0 0 0 0 0 0 0 0 0 0 0 0 0 0 0 0 0 0 0 0 0 0 0 0 0 0 0 0 0 0
 0 0 0 0 0 0 0 0 0 0 0 0 0 0 0 0 0 0 0 0 0 0 0 0 0 0 0 0 0 0 0 0 0 0 0 0 0
 0 0 0 0 0 0 0 0 0 0 0 0 0 0 0 0 0 0 0 0 0 0 0 0 0 0 0 0 0 0 0 0 0 0 0 0 0
 0 0 0 0 0 0 0 0 0 0]
5`s n_inlier=935
T=
[[ 0.9997  0.0083  0.0215 -0.0203]
 [-0.0113  0.9894  0.1449  0.0395]
 [-0.0201 -0.1451  0.9892  0.0767]
 [ 0.      0.      0.      1.    ]]
########    start to calc 3th cluster. cluster_unique=[0 1 2 3 4 5], label 0 num: 306    ########
iteration:  1 / 4
could not find R : 9
most fitted inlier T`s num: 306
iteration:  2 / 4
could not find R : 3
iteration:  3 / 4
could not find R : 3
iteration:  4 / 4
could not find R : 2
クラスタラベル: [0 0 0 0 0 0 0 0 0 0 0 0 0 0 0 0 0 0 0 0 0 0 0 0 0 0 0 0 0 0 0 0 0 0 0 0 0
 0 0 0 0 0 0 0 0 0 0 0 0 0 0 0 0 0 0 0 0 0 0 0 0 0 0 0 0 0 0 0 0 0 0 0 0 0
 0 0 0 0 0 0 0 0 0 0 0 0 0 0 0 0 0 0 0 0 0 0 0 0 0 0 0 0 0 0 0 0 0 0 0 0 0
 0 0 0 0 0 0 0 0 0 0 0 0 0 0 0 0 0 0 0 0 0 0 0 0 0 0 0 0 0 0 0 0 0 0 0 0 0
 0 0 0 0 0 0 0 0 0 0 0 0 0 0 0 0 0 0 0 0 0 0 0 0 0 0 0 0 0 0 0 0 0 0 0 0 0
 0 0 0 0 0 0 0 0 0 0 0 0 0 0 0 0 0 0 0 0 0 0 0 0 0 0 0 0 0 0 0 0 0 0 0 0 0
 0 0 0 0 0 0 0 0 0 0 0 0 0 0 0 0 0 0 0 0 0 0 0 0 0 0 0 0 0 0 0 0 0 0 0 0 0
 0 0 0 0 0 0 0 0 0 0 0 0 0 0 0 0 0 0 0 0 0 0 0 0 0 0 0 0 0 0 0 0 0 0 0 0 0
 0 0 0 0 0 0 0 0 0 0]
6`s n_inlier=306
T=
[[ 0.9987 -0.0394 -0.0332  0.0312]
 [ 0.0425  0.9942  0.0991  0.0099]
 [ 0.0291 -0.1004  0.9945  0.0423]
 [ 0.      0.      0.      1.    ]]
The number of label 0 is smaller than sample size.

RANSAC finished
label unique: [1 2 3 4 5 6]
labels` inlier num: [   0. 5649.  935.  306.]

colors = 
[[1. 0. 0.]
 [1. 1. 0.]
 [0. 1. 0.]
 [0. 1. 1.]
 [0. 0. 1.]
 [1. 0. 1.]]
(590, 6890, 7)
fin
*******************************    frame 20 and 30  (3/58)     *****************************
########    start to calc 1th cluster. cluster_unique=[0], label 0 num: 6890    ########
iteration:  1 / 4
could not find R : 6
most fitted inlier T`s num: 4826
iteration:  2 / 4
could not find R : 2
iteration:  3 / 4
could not find R : 5
iteration:  4 / 4
could not find R : 5
クラスタラベル: [0 0 0 ... 0 0 0]
1`s n_inlier=4777
T=
[[ 1.      0.0011  0.0055  0.0016]
 [-0.0011  1.      0.0076  0.0029]
 [-0.0055 -0.0076  1.     -0.0012]
 [ 0.      0.      0.      1.    ]]
########    start to calc 2th cluster. cluster_unique=[0 1 2 3 4], label 0 num: 2113    ########
iteration:  1 / 4
could not find R : 4
most fitted inlier T`s num: 1096
iteration:  2 / 4
could not find R : 2
iteration:  3 / 4
could not find R : 9
iteration:  4 / 4
could not find R : 5
クラスタラベル: [0 0 0 ... 0 0 0]
5`s n_inlier=1096
T=
[[ 0.9665  0.1725  0.1899 -0.1064]
 [-0.2263  0.9218  0.3146  0.0615]
 [-0.1207 -0.3471  0.93    0.1668]
 [ 0.      0.      0.      1.    ]]
########    start to calc 3th cluster. cluster_unique=[0 1 2 3 4 5], label 0 num: 1017    ########
iteration:  1 / 4
could not find R : 4
most fitted inlier T`s num: 1017
iteration:  2 / 4
could not find R : 3
iteration:  3 / 4
could not find R : 9
iteration:  4 / 4
could not find R : 7
クラスタラベル: [0 0 0 ... 0 0 0]
6`s n_inlier=1017
T=
[[ 0.9798 -0.1778 -0.0918  0.1152]
 [ 0.2     0.8555  0.4776  0.0992]
 [-0.0063 -0.4863  0.8738  0.2525]
 [ 0.      0.      0.      1.    ]]
The number of label 0 is smaller than sample size.

RANSAC finished
label unique: [1 2 3 4 5 6]
labels` inlier num: [   0. 4777. 1096. 1017.]

(590, 6890, 7)
fin
*******************************    frame 30 and 40  (4/58)     *****************************
########    start to calc 1th cluster. cluster_unique=[0], label 0 num: 6890    ########
iteration:  1 / 4
could not find R : 6
most fitted inlier T`s num: 4581
iteration:  2 / 4
could not find R : 3
most fitted inlier T`s num: 4582
iteration:  3 / 4
could not find R : 9
most fitted inlier T`s num: 4603
iteration:  4 / 4
could not find R : 3
most fitted inlier T`s num: 4611
クラスタラベル: [0 0 0 ... 0 0 0]
1`s n_inlier=4509
T=
[[ 9.999e-01  1.700e-03  1.160e-02  3.100e-03]
 [-1.800e-03  1.000e+00  7.900e-03  5.200e-03]
 [-1.150e-02 -7.900e-03  9.999e-01 -2.000e-04]
 [ 0.000e+00  0.000e+00  0.000e+00  1.000e+00]]
########    start to calc 2th cluster. cluster_unique=[0 1 2 3 4], label 0 num: 2381    ########
iteration:  1 / 4
could not find R : 6
most fitted inlier T`s num: 1104
iteration:  2 / 4
could not find R : 7
iteration:  3 / 4
could not find R : 4
iteration:  4 / 4
could not find R : 5
クラスタラベル: [0 0 0 ... 0 0 0]
5`s n_inlier=1070
T=
[[ 0.826   0.4092  0.3876 -0.2808]
 [-0.5601  0.6729  0.4831  0.1699]
 [-0.0631 -0.6162  0.7851  0.3405]
 [ 0.      0.      0.      1.    ]]
########    start to calc 3th cluster. cluster_unique=[0 1 2 3 4 5], label 0 num: 1311    ########
iteration:  1 / 4
could not find R : 5
most fitted inlier T`s num: 1063
iteration:  2 / 4
could not find R : 3
most fitted inlier T`s num: 1069
iteration:  3 / 4
could not find R : 1
iteration:  4 / 4
could not find R : 4
クラスタラベル: [0 0 0 ... 0 0 0]
6`s n_inlier=1043
T=
[[ 0.8396 -0.4343 -0.3263  0.2986]
 [ 0.5394  0.5962  0.5946  0.176 ]
 [-0.0637 -0.6752  0.7348  0.3797]
 [ 0.      0.      0.      1.    ]]
########    start to calc 4th cluster. cluster_unique=[0 1 2 3 4 5 6], label 0 num: 268    ########
iteration:  1 / 4
could not find R : 5
most fitted inlier T`s num: 165
iteration:  2 / 4
could not find R : 4
most fitted inlier T`s num: 169
iteration:  3 / 4
could not find R : 2
iteration:  4 / 4
could not find R : 4
クラスタラベル: [-1 -1 -1 -1 -1 -1 -1 -1 -1 -1 -1 -1 -1 -1 -1 -1 -1 -1 -1 -1 -1 -1 -1 -1
 -1  0  0  0  0  0  0  0  0  0  0  0  0  0  0  0  0  0  0  0  0  0  0  0
  0  0  0  0  0  0  0  0  0  0  0  0  0  0  0  0  0  0  0  0  0  0  0  0
  0  0  0  0  0  0  0  0  0  0  0  0  0  0  0  0  0  0  0  0  0  0  0  0
  0  0  0  0  0  0  0  0  0  0  0  0  0  0  0  0  0  0  0  0  0  0  0  0
  0  0  0  0  0  0  0  0  0  0  0  0  0  0  0  0  0  0  0  0  0  0  0  0
  0  0  0  0  0  0  0  0  0  0  0  0  0  0  0  0  0  0  0  0  0  0  0  0
  0  0  0  0  0  0  0]
7`s n_inlier=175
T=
[[ 0.999   0.0304  0.0315 -0.0283]
 [-0.0355  0.9835  0.1776  0.0785]
 [-0.0256 -0.1786  0.9836  0.1269]
 [ 0.      0.      0.      1.    ]]
########    start to calc 5th cluster. cluster_unique=[0 1 2 3 4 5 6 7 8], label 0 num: 93    ########
iteration:  1 / 4
could not find R : 3
most fitted inlier T`s num: 81
iteration:  2 / 4
could not find R : 4
iteration:  3 / 4
could not find R : 5
iteration:  4 / 4
could not find R : 8
クラスタラベル: [0 0 0 0 0 0 0 0 0 0 0 0 0 0 0 0 0 0 0 0 0 0 0 0 0 0 0 0 0 0 0 0 0 0 0 0 0
 0 0 0 0 0 0 0 0 0 0 0 0 0 0 0 0 0 0 0 0 0 0 0 0 0 0 0 0 0 0 0 0 0 0 0 0 0
 0 0 0 0 0 0 0]
9`s n_inlier=81
T=
[[ 0.9578 -0.2874  0.0047  0.229 ]
 [ 0.2808  0.9389  0.199   0.0181]
 [-0.0616 -0.1893  0.98    0.1322]
 [ 0.      0.      0.      1.    ]]
########    start to calc 6th cluster. cluster_unique=[0 1 2 3 4 5 6 7 8 9], label 0 num: 12    ########
iteration:  1 / 4
could not find R : 4
most fitted inlier T`s num: 12
iteration:  2 / 4
could not find R : 9
iteration:  3 / 4
could not find R : 1
iteration:  4 / 4
could not find R : 6
クラスタラベル: [-1 -1 -1 -1 -1 -1 -1 -1 -1 -1 -1 -1]
10`s n_inlier=12
T=
[[ 9.512e-01  3.085e-01  9.000e-04 -2.452e-01]
 [-2.934e-01  9.036e-01  3.123e-01  9.230e-02]
 [ 9.560e-02 -2.973e-01  9.500e-01  2.242e-01]
 [ 0.000e+00  0.000e+00  0.000e+00  1.000e+00]]
The number of label 0 is smaller than sample size.

RANSAC finished
label unique: [ 1  2  3  4  5  6  7  8  9 10]
labels` inlier num: [   0. 4509. 1070. 1043.  175.   81.   12.]

colors = 
[[1.  0.  0. ]
 [1.  0.6 0. ]
 [0.8 1.  0. ]
 [0.2 1.  0. ]
 [0.  1.  0.4]
 [0.  1.  1. ]
 [0.  0.4 1. ]
 [0.2 0.  1. ]
 [0.8 0.  1. ]
 [1.  0.  0.6]]
(590, 6890, 7)
fin
*******************************    frame 40 and 50  (5/58)     *****************************
########    start to calc 1th cluster. cluster_unique=[0], label 0 num: 6890    ########
iteration:  1 / 4
could not find R : 9
most fitted inlier T`s num: 4516
iteration:  2 / 4
could not find R : 2
most fitted inlier T`s num: 4529
iteration:  3 / 4
could not find R : 1
iteration:  4 / 4
could not find R : 5
クラスタラベル: [0 0 0 ... 0 0 0]
1`s n_inlier=4409
T=
[[ 1.0e+00  8.0e-04  9.3e-03  3.1e-03]
 [-8.0e-04  1.0e+00  1.6e-03  4.2e-03]
 [-9.3e-03 -1.6e-03  1.0e+00  1.2e-03]
 [ 0.0e+00  0.0e+00  0.0e+00  1.0e+00]]
########    start to calc 2th cluster. cluster_unique=[0 1 2 3 4], label 0 num: 2481    ########
iteration:  1 / 4
could not find R : 2
most fitted inlier T`s num: 1174
iteration:  2 / 4
could not find R : 7
most fitted inlier T`s num: 1182
iteration:  3 / 4
could not find R : 3
iteration:  4 / 4
could not find R : 5
クラスタラベル: [0 0 0 ... 0 0 0]
5`s n_inlier=1141
T=
[[ 0.8875  0.3928  0.2409 -0.2922]
 [-0.4601  0.7265  0.5105  0.1946]
 [ 0.0255 -0.5639  0.8255  0.4   ]
 [ 0.      0.      0.      1.    ]]
########    start to calc 3th cluster. cluster_unique=[0 1 2 3 4 5], label 0 num: 1340    ########
iteration:  1 / 4
could not find R : 8
most fitted inlier T`s num: 1174
iteration:  2 / 4
could not find R : 4
iteration:  3 / 4
could not find R : 3
most fitted inlier T`s num: 1176
iteration:  4 / 4
could not find R : 4
クラスタラベル: [0 0 0 ... 0 0 0]
6`s n_inlier=1133
T=
[[ 0.8845 -0.4666  0.0033  0.3847]
 [ 0.4078  0.7764  0.4806  0.1321]
 [-0.2268 -0.4237  0.8769  0.3457]
 [ 0.      0.      0.      1.    ]]
########    start to calc 4th cluster. cluster_unique=[0 1 2 3 4 5 6], label 0 num: 207    ########
iteration:  1 / 4
could not find R : 8
most fitted inlier T`s num: 183
iteration:  2 / 4
could not find R : 1
iteration:  3 / 4
could not find R : 1
iteration:  4 / 4
could not find R : 3
クラスタラベル: [ 0  0  0  0 -1  0  0 -1  0  0  0  0  0 -1 -1  0  0  0  0  0  0  0  0  0
  0  0  0  0  0  0  0  0  0  0  0  0  0  0  0  0  0  0  0  0  0  0  0  0
  0  0  0  0  0  0  0  0  0  0  0  0  0  0  0  0  0  0  0  0  0  0  0  0
  0  0  0  0  0  0  0  0  1  1  1  1  1  1  1  1  1  1  1  1  1  1  1  1
  1  1  1  1  1  1  1  1  1  1  1  1  1  1  1  1  1  1  1  1  1  1  1  1
  1  1  1  1  1  1  1  1  1  1  1  1  1  1  1  1  1  1  1  1  1  1  1  1
  1  1  1  1  1  1  1  1  1  1  1  1  1  1  1  1  1  1  1  1  1  1  1  1
  1  1  1  1  1  1  1  1  1  1  1  1  1  1  1  1  1  1  1  1  1  1  1  1
  1  1  1  1  1]
7`s n_inlier=197
T=
[[ 0.9989 -0.0072  0.0468  0.0142]
 [-0.0042  0.9707  0.2403  0.1092]
 [-0.0472 -0.2403  0.9696  0.1829]
 [ 0.      0.      0.      1.    ]]
########    start to calc 5th cluster. cluster_unique=[0 1 2 3 4 5 6 7 8 9], label 0 num: 10    ########
iteration:  1 / 4
could not find R : 10
most fitted inlier T`s num: 7
iteration:  2 / 4
could not find R : 6
iteration:  3 / 4
could not find R : 2
iteration:  4 / 4
could not find R : 3
クラスタラベル: [-1 -1 -1 -1 -1 -1 -1]
10`s n_inlier=7
T=
[[ 0.9958 -0.0779  0.048   0.0951]
 [ 0.0638  0.9671  0.2462  0.0943]
 [-0.0656 -0.2421  0.968   0.1942]
 [ 0.      0.      0.      1.    ]]
########    start to calc 6th cluster. cluster_unique=[ 0  1  2  3  4  5  6  7  8  9 10], label 0 num: 3    ########
iteration:  1 / 4
could not find R : 6
most fitted inlier T`s num: 3
iteration:  2 / 4
could not find R : 3
iteration:  3 / 4
could not find R : 3
iteration:  4 / 4
could not find R : 11
クラスタラベル: [-1 -1 -1]
11`s n_inlier=3
T=
[[ 0.953   0.2884  0.093  -0.2168]
 [-0.303   0.904   0.3017  0.0972]
 [ 0.003  -0.3157  0.9489  0.2446]
 [ 0.      0.      0.      1.    ]]
The number of label 0 is smaller than sample size.

RANSAC finished
label unique: [ 1  2  3  4  5  6  7  8  9 10 11]
labels` inlier num: [0.000e+00 4.409e+03 1.141e+03 1.133e+03 1.970e+02 7.000e+00 3.000e+00]

colors = 
[[1.         0.         0.        ]
 [1.         0.54545455 0.        ]
 [0.90909091 1.         0.        ]
 [0.36363636 1.         0.        ]
 [0.         1.         0.18181818]
 [0.         1.         0.72727273]
 [0.         0.72727273 1.        ]
 [0.         0.18181818 1.        ]
 [0.36363636 0.         1.        ]
 [0.90909091 0.         1.        ]
 [1.         0.         0.54545455]]
(590, 6890, 7)
fin
*******************************    frame 50 and 60  (6/58)     *****************************
########    start to calc 1th cluster. cluster_unique=[0], label 0 num: 6890    ########
iteration:  1 / 4
could not find R : 9
most fitted inlier T`s num: 4821
iteration:  2 / 4
could not find R : 7
iteration:  3 / 4
could not find R : 5
most fitted inlier T`s num: 4891
iteration:  4 / 4
could not find R : 2
クラスタラベル: [0 0 0 ... 0 0 0]
1`s n_inlier=4747
T=
[[ 9.998e-01 -5.400e-03  2.050e-02  3.600e-03]
 [ 5.400e-03  1.000e+00  1.000e-04  2.900e-03]
 [-2.050e-02 -0.000e+00  9.998e-01  2.100e-03]
 [ 0.000e+00  0.000e+00  0.000e+00  1.000e+00]]
########    start to calc 2th cluster. cluster_unique=[0 1 2 3 4], label 0 num: 2143    ########
iteration:  1 / 4
could not find R : 6
most fitted inlier T`s num: 1791
iteration:  2 / 4
could not find R : 5
most fitted inlier T`s num: 1899
iteration:  3 / 4
could not find R : 5
most fitted inlier T`s num: 1940
iteration:  4 / 4
could not find R : 8
クラスタラベル: [0 0 0 ... 1 1 1]
5`s n_inlier=2060
T=
[[ 0.9981  0.0256  0.0558  0.0087]
 [-0.0349  0.9846  0.1713  0.0777]
 [-0.0506 -0.1729  0.9836  0.1196]
 [ 0.      0.      0.      1.    ]]
########    start to calc 3th cluster. cluster_unique=[0 1 2 3 4 5 6], label 0 num: 83    ########
iteration:  1 / 4
could not find R : 2
most fitted inlier T`s num: 83
iteration:  2 / 4
could not find R : 7
iteration:  3 / 4
could not find R : 7
iteration:  4 / 4
could not find R : 5
クラスタラベル: [ 0  0  0  0  0  0  0  0  0  0  0  0  0  0  0  0 -1  0  0  0  0  0  0  0
  0  0  0  0  0  0  0  0  0  0  0  0  0  0  0  0  0  0  0  0  0  0  0  0
  0  0  0  0  0  0  0  0  0  0 -1 -1 -1 -1 -1 -1 -1 -1 -1 -1 -1 -1 -1 -1
 -1 -1 -1 -1 -1 -1 -1 -1 -1  0  0]
7`s n_inlier=83
T=
[[ 0.9835  0.1788  0.0267 -0.1395]
 [-0.1806  0.9641  0.1945  0.0396]
 [ 0.009  -0.1961  0.9805  0.163 ]
 [ 0.      0.      0.      1.    ]]
The number of label 0 is smaller than sample size.

RANSAC finished
label unique: [1 2 3 4 5 6 7 8]
labels` inlier num: [   0. 4747. 2060.   83.]

colors = 
[[1.   0.   0.  ]
 [1.   0.75 0.  ]
 [0.5  1.   0.  ]
 [0.   1.   0.25]
 [0.   1.   1.  ]
 [0.   0.25 1.  ]
 [0.5  0.   1.  ]
 [1.   0.   0.75]]
(590, 6890, 7)
fin
*******************************    frame 60 and 70  (7/58)     *****************************
########    start to calc 1th cluster. cluster_unique=[0], label 0 num: 6890    ########
iteration:  1 / 4
could not find R : 4
most fitted inlier T`s num: 6375
iteration:  2 / 4
could not find R : 3
iteration:  3 / 4
could not find R : 2
most fitted inlier T`s num: 6423
iteration:  4 / 4
could not find R : 3
クラスタラベル: [0 0 0 ... 0 0 0]
1`s n_inlier=6278
T=
[[ 9.942e-01 -1.000e-04 -1.079e-01 -2.310e-02]
 [ 1.100e-03  1.000e+00  9.100e-03 -1.800e-03]
 [ 1.079e-01 -9.200e-03  9.941e-01 -1.300e-03]
 [ 0.000e+00  0.000e+00  0.000e+00  1.000e+00]]
########    start to calc 2th cluster. cluster_unique=[0 1 2 3 4], label 0 num: 612    ########
iteration:  1 / 4
most fitted inlier T`s num: 612
iteration:  2 / 4
could not find R : 4
iteration:  3 / 4
could not find R : 9
iteration:  4 / 4
could not find R : 6
クラスタラベル: [-1 -1  1 -1 -1 -1  1  1  1 -1  1  1 -1 -1  0  0  0  0  0  0  0  0  0  0
  0  0  0  0  0  0  0  0  0  0  0  0  0  0  0  0  0  0  0  0  0  0  0  0
  0  0  0  0  0  0  0  0  0  0  0  0  0  0  0  0  0  0  0  0  0  0  0  0
  0  0  0  0  0  0  0  0  0  0  0  0  0  0  0  0  0  0  0  0  0  0  0  0
  0  0  0  0  0  0  0  0  0  0  0  0  0  0  0  0  0  0  0  0  0  0  0  0
  0  0  0  0  0  0  0  0  0  0  0  0  0  0  0  0  0  0  0  0  0  0  0  0
  0  0  0  0  0  0  0  0  0  0  0  0  0  0  0  0  0  0  0  0  0  0  0  0
  0  0  0  0  0  0  0  0  0  0  0  0  0  0  0  0  0  0  0  0  0  0  0  0
  0  0  0  0  0  0  0  0  0  0  0  0  0  0  0  0  0  0  0  0  0  0  0  0
  0  0  0  0  0  0  0  0  0  0  0  0  0  0  0  0  0  0  0  0  0  0  0  0
  0  0  0  0  0  0  0  0  0  0  1  1  1  1  1  1  1  1  1  1  1  1  1  1
  1  1  1  1  1  1  1  1  1  1  1  1  1  1  1  1  1  1  1  1  1  1  1  1
  1  1  1  1  1  1  1  1  1  1  1  1  1  1  1  1  1  1  1  1  1  1  1  1
  1  1  1  1  1  1  1  1  1  1  1  1  1  1  1  1  1  1  1  1  1  1  1  1
  1  1  1  1  1  1  1  1  1  1  1  1  1  1  1  1  1  1  1  1  1  1  1  1
  1  1  1  1  1  1  1  1  1  1  1  1  1  1  1  1  1  1  1  1  1  1  1  1
  1  1  1  1  1  1  1  1  1  1  1  1  1  1  1  1  1  1  1  1  1  1  1  1
  1  1  1  1  1  1  1  1  1  1  1  1  1  1  1  1  1  1  1  1  1  1  1  1
  1  1  1  1  1  1  1  1  1  1  1  1  1  1  1  1  1  1  1  1  1  1  1  1
  1  1  1 -1 -1 -1 -1 -1 -1 -1 -1 -1 -1 -1 -1 -1 -1 -1 -1 -1  2  2  2  2
  2  2  2  2  2  2  2  2  2  2  2  2  2  2  2  2  2  2  2  2  2  2  2  2
  2  2  2  2  2  2  2  2  2  2  2  2  2  2  2  2  2  2  2  2  2  2  2  2
  2  2  2  2  2  2  2  2  2  2  2  2  2  2  2  2  2  2  2  2  2  2  2  2
  2  2  2  2  2  2  2  2  2  2  2  2  2  2  2  2  2  2  2  2  2  2  2  2
  2  2  2  2  2  2  2  2  2  2  2  2  2  2  2  2  2  2  2  2  2  2  2  2
  2  2  2  2  2  2  2  2  2  2  2  2]
5`s n_inlier=612
T=
[[ 0.9999  0.0107  0.0053  0.0066]
 [-0.0106  0.9994 -0.0343 -0.0067]
 [-0.0057  0.0342  0.9994  0.021 ]
 [ 0.      0.      0.      1.    ]]
The number of label 0 is smaller than sample size.

RANSAC finished
label unique: [1 2 3 4 5 6 7 8]
labels` inlier num: [   0. 6278.  612.]

(590, 6890, 7)
fin
*******************************    frame 70 and 80  (8/58)     *****************************
########    start to calc 1th cluster. cluster_unique=[0], label 0 num: 6890    ########
iteration:  1 / 4
could not find R : 5
most fitted inlier T`s num: 5195
iteration:  2 / 4
could not find R : 6
iteration:  3 / 4
could not find R : 6
most fitted inlier T`s num: 5240
iteration:  4 / 4
could not find R : 2
クラスタラベル: [0 0 0 ... 0 0 0]
1`s n_inlier=5000
T=
[[ 0.9135 -0.0497 -0.4038 -0.0316]
 [ 0.07    0.9969  0.0359  0.0113]
 [ 0.4007 -0.061   0.9142  0.0197]
 [ 0.      0.      0.      1.    ]]
########    start to calc 2th cluster. cluster_unique=[0 1 2 3], label 0 num: 1890    ########
iteration:  1 / 4
could not find R : 10
most fitted inlier T`s num: 1435
iteration:  2 / 4
could not find R : 5
most fitted inlier T`s num: 1452
iteration:  3 / 4
could not find R : 5
iteration:  4 / 4
could not find R : 6
クラスタラベル: [0 0 0 ... 0 0 0]
4`s n_inlier=1367
T=
[[ 0.9993 -0.0063 -0.0381 -0.0135]
 [ 0.0055  0.9998 -0.0215 -0.0041]
 [ 0.0382  0.0213  0.999   0.011 ]
 [ 0.      0.      0.      1.    ]]
########    start to calc 3th cluster. cluster_unique=[0 1 2 3 4 5 6 7], label 0 num: 523    ########
iteration:  1 / 4
could not find R : 3
most fitted inlier T`s num: 327
iteration:  2 / 4
could not find R : 5
most fitted inlier T`s num: 352
iteration:  3 / 4
could not find R : 2
iteration:  4 / 4
could not find R : 5
most fitted inlier T`s num: 386
クラスタラベル: [ 0  0  0  0  0  0  0  0  0  0  0  0  0  0  0  2  0  0  0  0  0  0  0  0
  0  0 -1  0  0 -1  0  0  0  0  0  0  0  0  0  0  0  0  0 -1  0  0  0  0
 -1 -1 -1  0  0  0  0  0  0  0  0  0  0  0  0  0  0  0  0 -1  0 -1 -1 -1
 -1  0  0  0  0  0  0  0  0  2  2  0  0  0  0  0  0  0  0  0  0  1  1  1
  1  1  1  1  1  1  1  1  1  1  1  1  1  1  1  1  1  1  1  1  1  1  1  1
  1  1  1  1  1  1  1  1  1  1  1  1  1  1  1  1  1  1  1  1  1  1  1  1
  1  1  1  1  1  1  1  1  1  1  1  1  1  1  1  1  1  1  1  1  1  1  1  1
  1  1  1  1  1  1  1  1  1  1  1  1  1  1  1  1  1  1  1  1  1  1  1  1
  1  1  1  1  1  1  1  1  1  1  1  1  1  1  1  1  1  1  1  1  1  1  1  1
  1  1  1  1  1  1  1  1  1  1  1  1  1  1  1  1  1  1  1  1  1  1  1  1
  1  1  1  1  1  1  1  1  1  1  1  1  1  1  1  1  1  1  1  1  1  1  1  1
  1  1  1  1  1  1  1  1  1  1  1  1  1  1  1  1  1  1  1  1  1  1  1  1
  1 -1  0  0  0 -1 -1 -1 -1  0  0  0  0  0  0  0 -1  2  2  2  0  0  0  0
  0  0  0  0  0  0  2  2  0  0  2  2  2  2  2  2  2  2  2  2  2  2  2  2
  2  2  2  2  2  2  2  2  2  2  2  2  2  2  2  2  2  2  2  2  2  2  2  2
  2  2  2  2  2  2  2  2  2  2  2  2  2  2  2  2  2  2  2  2  2  2  2  2
  2  2  2  2  2  2  2  2  2  2  2  2  2  2  2  2  2  2  2  2  2  2  2  2
  2  2  2  2  2  2  2  2  2  2  2  2  2  2  2  2  2  2  2  2  2  2  2  2
  2  2  2  2  2  2  2  2  2  2  2  2  2  2  2  2]
8`s n_inlier=448
T=
[[ 0.9544 -0.099  -0.2815 -0.018 ]
 [ 0.0899  0.9949 -0.0449 -0.0017]
 [ 0.2845  0.0175  0.9585 -0.0139]
 [ 0.      0.      0.      1.    ]]
########    start to calc 4th cluster. cluster_unique=[ 0  1  2  3  4  5  6  7  8  9 10 11], label 0 num: 75    ########
iteration:  1 / 4
could not find R : 6
most fitted inlier T`s num: 75
iteration:  2 / 4
could not find R : 5
iteration:  3 / 4
could not find R : 7
iteration:  4 / 4
could not find R : 11
クラスタラベル: [-1 -1 -1 -1 -1 -1 -1 -1 -1 -1 -1 -1 -1 -1 -1 -1 -1 -1 -1 -1 -1 -1 -1 -1
 -1 -1 -1 -1 -1 -1 -1 -1 -1 -1 -1 -1 -1 -1 -1 -1 -1 -1 -1 -1 -1 -1 -1 -1
 -1 -1 -1 -1 -1 -1 -1 -1 -1 -1 -1 -1 -1 -1 -1 -1 -1 -1 -1 -1 -1 -1 -1 -1
 -1 -1 -1]
12`s n_inlier=75
T=
[[ 9.804e-01  8.000e-03 -1.971e-01 -4.610e-02]
 [-1.150e-02  9.998e-01 -1.680e-02 -3.900e-03]
 [ 1.969e-01  1.870e-02  9.802e-01  6.000e-04]
 [ 0.000e+00  0.000e+00  0.000e+00  1.000e+00]]
The number of label 0 is smaller than sample size.

RANSAC finished
label unique: [ 1  2  3  4  5  6  7  8  9 10 11 12]
labels` inlier num: [   0. 5000. 1367.  448.   75.]

colors = 
[[1.  0.  0. ]
 [1.  0.5 0. ]
 [1.  1.  0. ]
 [0.5 1.  0. ]
 [0.  1.  0. ]
 [0.  1.  0.5]
 [0.  1.  1. ]
 [0.  0.5 1. ]
 [0.  0.  1. ]
 [0.5 0.  1. ]
 [1.  0.  1. ]
 [1.  0.  0.5]]
(590, 6890, 7)
fin
*******************************    frame 80 and 90  (9/58)     *****************************
########    start to calc 1th cluster. cluster_unique=[0], label 0 num: 6890    ########
iteration:  1 / 4
could not find R : 5
most fitted inlier T`s num: 3696
iteration:  2 / 4
could not find R : 2
iteration:  3 / 4
could not find R : 6
most fitted inlier T`s num: 3751
iteration:  4 / 4
could not find R : 6
クラスタラベル: [0 0 0 ... 0 0 0]
1`s n_inlier=3750
T=
[[ 0.7745 -0.0063 -0.6325 -0.0962]
 [ 0.0209  0.9997  0.0156 -0.0023]
 [ 0.6322 -0.0253  0.7744 -0.0132]
 [ 0.      0.      0.      1.    ]]
########    start to calc 2th cluster. cluster_unique=[0 1 2 3], label 0 num: 3140    ########
iteration:  1 / 4
could not find R : 7
most fitted inlier T`s num: 1427
iteration:  2 / 4
could not find R : 4
iteration:  3 / 4
could not find R : 3
iteration:  4 / 4
could not find R : 3
most fitted inlier T`s num: 1432
クラスタラベル: [ 0  0  0 ... -1 -1  1]
4`s n_inlier=1387
T=
[[ 0.7582  0.0073 -0.652  -0.1013]
 [ 0.1257  0.9795  0.1571  0.0277]
 [ 0.6398 -0.2011  0.7418  0.0971]
 [ 0.      0.      0.      1.    ]]
########    start to calc 3th cluster. cluster_unique=[0 1 2 3 4 5 6 7], label 0 num: 1753    ########
iteration:  1 / 4
could not find R : 5
most fitted inlier T`s num: 1121
iteration:  2 / 4
could not find R : 2
iteration:  3 / 4
could not find R : 6
iteration:  4 / 4
could not find R : 4
クラスタラベル: [0 0 0 ... 0 0 0]
8`s n_inlier=1030
T=
[[ 9.993e-01  1.440e-02 -3.450e-02 -7.000e-04]
 [-1.430e-02  9.999e-01  9.000e-04 -5.000e-04]
 [ 3.450e-02 -4.000e-04  9.994e-01  6.000e-04]
 [ 0.000e+00  0.000e+00  0.000e+00  1.000e+00]]
########    start to calc 4th cluster. cluster_unique=[ 0  1  2  3  4  5  6  7  8  9 10 11], label 0 num: 723    ########
iteration:  1 / 4
could not find R : 7
most fitted inlier T`s num: 646
iteration:  2 / 4
could not find R : 9
iteration:  3 / 4
could not find R : 2
iteration:  4 / 4
could not find R : 1
クラスタラベル: [ 0  0  0  0  0  0  0  0  0  0  0  0  0 -1 -1 -1  0  0  0  0  0  0  0  0
  0  0  0  0  0  0  0  0  0  0  0  0  0  0  0  0  0  0  0  0  0  0  0  0
  0  0  0  0  0  0  0  0  0 -1 -1 -1 -1  0  0  0  0  0  0  0  0  0  0  0
  0  0  0  0  0  0  0  0  0 -1  0  0  0  0  0  0  0  0  0  0  0  0  0  0
  0 -1 -1 -1 -1  0  0  0  0  0  0  0  0  0  0  0  0  0  0  0 -1  0 -1 -1
 -1 -1 -1 -1 -1  0  0  0  0  0  0  0  0  0  0 -1  0  0 -1  0  0 -1  0  0
  0  0  0 -1 -1 -1 -1 -1  0  0  0  0  0  0  0  0  0 -1 -1  0  0  0  0  0
  0  0  0  0 -1  0  0  0  0  0  0  0  0  0  0  0  0  0  0  0  0  0  0  0
  0  0  0  0  0  0  0  0  0  0  0  0 -1 -1 -1  0  0  0  0  0  0  0  0  0
  0  0  0  0  0  0  0  0  0  0  0  0  0  0  0  0  0  0  0  0  0 -1  0  0
 -1 -1 -1  0  0  0  0  0  0  0  0  0  0 -1  0  0  0  0 -1  0  0  0  0  0
  0  0  0  0  0  0  0  0  0  0  0  0  0  0  0  0  0  0  0  0  0  0  0  0
  0  0  0  0  0  0  0 -1 -1  0  0  0  0  0  0  0  0  0  0  0  0  0  0  0
  0  0  0  0  0  0  0  0  0  0  0  0  0  0  0  0  0  0  0  0  0  0  0  0
  0  0  0  0  0  0  0  0  0  0  0  0 -1  0 -1  0  0  0  0  0  0  0  0  0
  0  0  0  0  0  0  0  0  0  0  0  0  0  0  0  0  0  0  0  0  0 -1  0  0
  0  0  0  0  0  0  0  0  0  0  0  0  0  0  0  0  0  0  0  0  0  0  0  0
  0  0  0  0  0  0  0  0  0  0  0  0  0  0  0  0  0  0  0  0  0  0  0  0
  0  0  0  0  0  0  0  0  0  0  0  0  0  0  0  0  0  0  0  0  0  0  0  0
  0  0  0  0  0  0  0  0  0  0  0  0  0  0  0  0  0  0 -1  0  0  0  0  0
  0  0  0  0  0  0  0  0  0  0  0  0  0  0  0  0  0  0  0  0  0  0  0  0
  0  0  0  0  0  0  0  0  0  0  0  0  0  0  0  0  0  0  0  0 -1  0  0  0
  0  0 -1 -1  0  0  0  0  0  0  0  0  0  0  0  0 -1  0  0  0  0  0  0  0
  0  0  0  0  0  0  0  0  0  0  0  0  0  0  0  0  0  0  0  0  0  0  0  0
  0  0  0  0  0  0  0  0  0  0  0  0  0  0  0  0  0 -1  0  0  0  0  0  0
  0  0  0  0  0  0  0  0  0  0  0  0  0  0  0  0  0  0  0  0  0  0  0  0
  0  0  0  0  0  0  0  0  0  0  0  0  0  0  0  0  0  0  0  0  0  0  0  0
  0  0  0]
12`s n_inlier=651
T=
[[ 0.9236 -0.0276 -0.3824 -0.0616]
 [ 0.0111  0.9989 -0.0452 -0.011 ]
 [ 0.3833  0.0375  0.9229 -0.028 ]
 [ 0.      0.      0.      1.    ]]
########    start to calc 5th cluster. cluster_unique=[ 0  1  2  3  4  5  6  7  8  9 10 11 12 13], label 0 num: 72    ########
iteration:  1 / 4
could not find R : 2
most fitted inlier T`s num: 69
iteration:  2 / 4
could not find R : 1
iteration:  3 / 4
could not find R : 7
iteration:  4 / 4
could not find R : 5
クラスタラベル: [-1 -1 -1 -1 -1 -1 -1 -1 -1 -1 -1 -1 -1 -1 -1 -1 -1 -1 -1 -1 -1 -1 -1 -1
 -1 -1 -1 -1 -1 -1 -1 -1 -1 -1 -1 -1 -1 -1 -1 -1 -1 -1 -1 -1 -1 -1 -1 -1
 -1 -1 -1 -1 -1 -1 -1 -1 -1 -1 -1 -1 -1 -1 -1 -1 -1 -1 -1]
14`s n_inlier=67
T=
[[ 0.9683  0.0473 -0.2451 -0.056 ]
 [-0.0299  0.9968  0.0745  0.0042]
 [ 0.2479 -0.0648  0.9666  0.0187]
 [ 0.      0.      0.      1.    ]]
########    start to calc 6th cluster. cluster_unique=[ 0  1  2  3  4  5  6  7  8  9 10 11 12 13 14], label 0 num: 5    ########
iteration:  1 / 4
could not find R : 5
most fitted inlier T`s num: 5
iteration:  2 / 4
could not find R : 9
iteration:  3 / 4
could not find R : 2
iteration:  4 / 4
could not find R : 4
クラスタラベル: [-1 -1 -1 -1 -1]
15`s n_inlier=5
T=
[[ 0.883  -0.0159 -0.4691 -0.0668]
 [-0.0283  0.9958 -0.087  -0.0157]
 [ 0.4685  0.0901  0.8788 -0.0737]
 [ 0.      0.      0.      1.    ]]
The number of label 0 is smaller than sample size.

RANSAC finished
label unique: [ 1  2  3  4  5  6  7  8  9 10 11 12 13 14 15]
labels` inlier num: [   0. 3750. 1387. 1030.  651.   67.    5.]

colors = 
[[1.  0.  0. ]
 [1.  0.4 0. ]
 [1.  0.8 0. ]
 [0.8 1.  0. ]
 [0.4 1.  0. ]
 [0.  1.  0. ]
 [0.  1.  0.4]
 [0.  1.  0.8]
 [0.  0.8 1. ]
 [0.  0.4 1. ]
 [0.  0.  1. ]
 [0.4 0.  1. ]
 [0.8 0.  1. ]
 [1.  0.  0.8]
 [1.  0.  0.4]]
(590, 6890, 7)
fin
*******************************    frame 90 and 100  (10/58)     *****************************
########    start to calc 1th cluster. cluster_unique=[0], label 0 num: 6890    ########
iteration:  1 / 4
could not find R : 6
most fitted inlier T`s num: 2840
iteration:  2 / 4
could not find R : 1
iteration:  3 / 4
could not find R : 2
most fitted inlier T`s num: 2855
iteration:  4 / 4
could not find R : 4
most fitted inlier T`s num: 2856
クラスタラベル: [0 0 0 ... 0 0 0]
1`s n_inlier=2795
T=
[[ 0.9518 -0.0088 -0.3065 -0.0508]
 [-0.0038  0.9992 -0.0404 -0.0116]
 [ 0.3066  0.0396  0.951  -0.0305]
 [ 0.      0.      0.      1.    ]]
########    start to calc 2th cluster. cluster_unique=[0 1 2 3], label 0 num: 4095    ########
iteration:  1 / 4
could not find R : 7
most fitted inlier T`s num: 1946
iteration:  2 / 4
could not find R : 1
iteration:  3 / 4
could not find R : 7
iteration:  4 / 4
could not find R : 6
クラスタラベル: [0 0 0 ... 2 2 2]
4`s n_inlier=1924
T=
[[ 0.8399  0.0361 -0.5415 -0.1027]
 [-0.0101  0.9986  0.051   0.0127]
 [ 0.5426 -0.0374  0.8391  0.0212]
 [ 0.      0.      0.      1.    ]]
########    start to calc 3th cluster. cluster_unique=[0 1 2 3 4 5 6 7], label 0 num: 2171    ########
iteration:  1 / 4
could not find R : 7
most fitted inlier T`s num: 1317
iteration:  2 / 4
could not find R : 5
most fitted inlier T`s num: 1325
iteration:  3 / 4
could not find R : 4
most fitted inlier T`s num: 1346
iteration:  4 / 4
could not find R : 5
クラスタラベル: [ 0  0  0 ...  2  2 -1]
8`s n_inlier=1317
T=
[[ 0.818  -0.0083 -0.5751 -0.0889]
 [ 0.0966  0.9877  0.1232  0.0107]
 [ 0.567  -0.1563  0.8087  0.0868]
 [ 0.      0.      0.      1.    ]]
########    start to calc 4th cluster. cluster_unique=[ 0  1  2  3  4  5  6  7  8  9 10 11], label 0 num: 854    ########
iteration:  1 / 4
could not find R : 5
most fitted inlier T`s num: 745
iteration:  2 / 4
could not find R : 4
iteration:  3 / 4
could not find R : 4
iteration:  4 / 4
could not find R : 2
クラスタラベル: [-1  0  0  0  0  0  0  0  0  0  0  0  0  0  0  0  0  0  0  0  0  0  0  0
  0  0  0  0  0  0  0  0  0  0  0  0  0  0  0  0  0  0  0  0  0  0  0  0
  0  0  0  0  0  0  0  0  0  0  0  0  0  0  0  0  0  0  0  0  0  0  0  0
  0  0  0  0  0  0  0  0  0  0  0  0  0  0  0  0  0  0  0  0  0  0  0  0
  0  0  0  0  0  0  0  0  0  0  0  0  0  0  0  0  0  0  0  0  0  0  0  0
  0  0  0  0  0  0  0  0  0  0  0  0  0  0  0  0  0  0  0  0  0  0  0  0
  0  0  0  0  0  0  0  0  0  0  0  0  0  0  0  0  0  0  0  0  0  0  0  0
  0  0  0  0  0  0  0  0  0  0  0  0  0  0  0  0  0  0  0  0  0  0  0  0
  1  1  1  1  1  1  1  1  1  1  1  1  1  1 -1 -1 -1 -1  1  1  1  1  1  1
  1  1  1 -1  1 -1 -1 -1 -1 -1  1  1 -1 -1  1  1  2  1  2  2 -1 -1  1  1
  1 -1 -1  1  1 -1  2 -1 -1  2  2  2  2  2  1  2  2  2  1  2  2  2  2  2
  2  2  2  2  2  2  2  2  2  2  2  2  2  2  2  2  2  2  2  2  2  2  2  2
  2  2  2  2  2  2  2  2  2  2  2  2  2  2  2  2  2  2  2  2  2  2  2  2
  2  2  2  2  2  2  2  2  2  2  2  2  2  2  2  2  2  2  2  2  2  2  2  2
  2  3  3  3  3  2  2  2  2  2  2  2  2  2 -1  2 -1 -1  2  3  2  2  2 -1
  2 -1  3  3  3  3  3  3  3  3  3  3  3  3  3  3  3  3  3  3  3  3  3  3
  3  3  3  3  3  3  3  3  3 -1 -1  2  2  2  2  2  2  3 -1  3  3  3  2  2
  2  2  2  2  2  2  2  2  2  2 -1 -1  1  1  1  1  1  1  1  2  2 -1  3  3
  3  3  1  1  1  1  2  2  1  2  2  1  2  2  3  2  3  2  2 -1  3  3  3  3
  1  1  1 -1  1  1  1  1  3  3  3  1  1  1  1  1  1  1  1  1  1  1  1  1
  1  1  1  1  1  1  1  1  1  1  1  1  1  1  1  1  1  1  1  1  1  1  1  1
  1  1  2  1  1  1  1  1  1  1  1  1  1  1  3  3  3  3  3  3  3  3  3  3
  3  3  3  3  3  3  3  3  3  3  3  3  3  3  3  3  3  3  3  3  3  3  3  3
  3  3  3  3  3  3  3  3  3  3  3  3  3  3  3  3  3  3  3  3  3  3  3  3
  3  3  3  3  3  3  3  3  3  3  3  3  3  3  3  3  3  3  3  3  3  3  3  3
  3  3  3  3  3  3  3  3  3  3  3  3  3  3  3  3  3  3  3  3  3  3  3  3
  3  3  3  3  3  3  3  3  3  3  3  3  3  3  3  3  3  3  3  3  3  3  3  3
  3  3  3  3  3  3  3  3  3  3  3  3  3  3  3  3  3  3  3  3  3  3  3  3
  3  3  3  3  3  3  3  3  3  3  3  3  3  3  3  3  3  3  3  3  3  3  3  3
  3  3  3  3  3  3  3  3  3  3  3  3  3  3  3  3  2  2  1  1]
12`s n_inlier=716
T=
[[ 0.9998 -0.0057 -0.02   -0.0101]
 [ 0.0059  0.9999  0.0135  0.0021]
 [ 0.0199 -0.0136  0.9997 -0.0038]
 [ 0.      0.      0.      1.    ]]
########    start to calc 5th cluster. cluster_unique=[ 0  1  2  3  4  5  6  7  8  9 10 11 12 13 14 15 16], label 0 num: 138    ########
iteration:  1 / 4
could not find R : 3
most fitted inlier T`s num: 100
iteration:  2 / 4
could not find R : 6
most fitted inlier T`s num: 104
iteration:  3 / 4
could not find R : 2
iteration:  4 / 4
could not find R : 6
クラスタラベル: [-1 -1 -1 -1 -1 -1 -1 -1 -1 -1 -1 -1 -1 -1  0  0  0  0  0  0  0 -1 -1 -1
  0  0 -1 -1 -1 -1 -1 -1  0  0 -1 -1 -1 -1 -1 -1 -1 -1 -1 -1 -1 -1 -1 -1
 -1 -1 -1 -1  0  0  0  0  0  0 -1 -1  0  0  0  0  0  0  0  0  0  0  0  0
  0 -1 -1 -1 -1 -1 -1 -1 -1 -1 -1 -1 -1 -1 -1 -1 -1 -1 -1 -1 -1 -1 -1 -1
 -1 -1 -1 -1 -1 -1 -1 -1 -1 -1 -1 -1]
17`s n_inlier=108
T=
[[ 0.8753 -0.0504 -0.4809 -0.0395]
 [ 0.079   0.9961  0.0394  0.0091]
 [ 0.4771 -0.0725  0.8759  0.0442]
 [ 0.      0.      0.      1.    ]]
########    start to calc 6th cluster. cluster_unique=[ 0  1  2  3  4  5  6  7  8  9 10 11 12 13 14 15 16 17 18], label 0 num: 30    ########
iteration:  1 / 4
could not find R : 2
most fitted inlier T`s num: 30
iteration:  2 / 4
could not find R : 2
iteration:  3 / 4
could not find R : 2
iteration:  4 / 4
could not find R : 3
クラスタラベル: [-1 -1 -1 -1 -1 -1 -1 -1 -1 -1 -1 -1 -1 -1 -1 -1 -1 -1 -1 -1 -1 -1 -1 -1
 -1 -1 -1 -1 -1 -1]
19`s n_inlier=30
T=
[[ 0.9698  0.0096 -0.2436 -0.0614]
 [-0.0048  0.9998  0.0203  0.0015]
 [ 0.2438 -0.0185  0.9697  0.0109]
 [ 0.      0.      0.      1.    ]]
The number of label 0 is smaller than sample size.

RANSAC finished
label unique: [ 1  2  3  4  5  6  7  8  9 10 11 12 13 14 15 16 17 18 19]
labels` inlier num: [   0. 2795. 1924. 1317.  716.  108.   30.]

colors = 
[[1.         0.         0.        ]
 [1.         0.31578947 0.        ]
 [1.         0.63157895 0.        ]
 [1.         0.94736842 0.        ]
 [0.73684211 1.         0.        ]
 [0.42105263 1.         0.        ]
 [0.10526316 1.         0.        ]
 [0.         1.         0.21052632]
 [0.         1.         0.52631579]
 [0.         1.         0.84210526]
 [0.         0.84210526 1.        ]
 [0.         0.52631579 1.        ]
 [0.         0.21052632 1.        ]
 [0.10526316 0.         1.        ]
 [0.42105263 0.         1.        ]
 [0.73684211 0.         1.        ]
 [1.         0.         0.94736842]
 [1.         0.         0.63157895]
 [1.         0.         0.31578947]]
(590, 6890, 7)
fin
*******************************    frame 100 and 110  (11/58)     *****************************
########    start to calc 1th cluster. cluster_unique=[0], label 0 num: 6890    ########
iteration:  1 / 4
could not find R : 5
most fitted inlier T`s num: 6016
iteration:  2 / 4
could not find R : 3
most fitted inlier T`s num: 6024
iteration:  3 / 4
could not find R : 7
iteration:  4 / 4
could not find R : 5
クラスタラベル: [0 0 0 ... 0 0 0]
1`s n_inlier=5875
T=
[[ 0.9993 -0.0036 -0.0376 -0.0122]
 [ 0.0035  1.     -0.0041 -0.0016]
 [ 0.0376  0.004   0.9993  0.0038]
 [ 0.      0.      0.      1.    ]]
########    start to calc 2th cluster. cluster_unique=[0 1 2 3 4], label 0 num: 1015    ########
iteration:  1 / 4
could not find R : 4
most fitted inlier T`s num: 1015
iteration:  2 / 4
could not find R : 5
iteration:  3 / 4
could not find R : 3
iteration:  4 / 4
could not find R : 7
クラスタラベル: [0 0 0 ... 0 0 0]
5`s n_inlier=1015
T=
[[ 0.9928 -0.0848 -0.0848  0.0525]
 [ 0.0906  0.9937  0.0666 -0.01  ]
 [ 0.0786 -0.0738  0.9942  0.0603]
 [ 0.      0.      0.      1.    ]]
The number of label 0 is smaller than sample size.

RANSAC finished
label unique: [1 2 3 4 5]
labels` inlier num: [   0. 5875. 1015.]

colors = 
[[1.  0.  0. ]
 [0.8 1.  0. ]
 [0.  1.  0.4]
 [0.  0.4 1. ]
 [0.8 0.  1. ]]
(590, 6890, 7)
fin
*******************************    frame 110 and 120  (12/58)     *****************************
########    start to calc 1th cluster. cluster_unique=[0], label 0 num: 6890    ########
iteration:  1 / 4
could not find R : 4
most fitted inlier T`s num: 4305
iteration:  2 / 4
could not find R : 3
iteration:  3 / 4
could not find R : 4
most fitted inlier T`s num: 4347
iteration:  4 / 4
クラスタラベル: [0 0 0 ... 0 0 0]
1`s n_inlier=4263
T=
[[ 0.8685 -0.065   0.4914  0.1117]
 [ 0.082   0.9965 -0.0132 -0.0044]
 [-0.4889  0.0517  0.8708 -0.0765]
 [ 0.      0.      0.      1.    ]]
########    start to calc 2th cluster. cluster_unique=[0 1 2], label 0 num: 2627    ########
iteration:  1 / 4
could not find R : 2
most fitted inlier T`s num: 1537
iteration:  2 / 4
could not find R : 2
most fitted inlier T`s num: 1564
iteration:  3 / 4
could not find R : 4
iteration:  4 / 4
could not find R : 4
クラスタラベル: [-1 -1 -1 ...  0  0  0]
3`s n_inlier=1593
T=
[[ 0.953   0.05    0.2989  0.0242]
 [-0.0251  0.996  -0.0863 -0.0154]
 [-0.302   0.0747  0.9504 -0.0542]
