n_frame=189
*******************************    frame 0 and 10  (1/18)     *****************************
########    start to calc 1th cluster. cluster_unique=[0], label 0 num: 6890    ########
iteration:  1 / 4
could not find R : 6
most fitted inlier T`s num: 6890
iteration:  2 / 4
could not find R : 8
iteration:  3 / 4
could not find R : 9
iteration:  4 / 4
could not find R : 7
1`s n_inlier=6890
T=
[[ 1.000e+00 -8.800e-03  4.100e-03 -6.800e-03]
 [ 8.900e-03  9.999e-01 -6.200e-03 -2.000e-04]
 [-4.000e-03  6.300e-03  1.000e+00  1.000e-04]
 [ 0.000e+00  0.000e+00  0.000e+00  1.000e+00]]
The number of label 0 is smaller than sample size.

RANSAC finished
label unique: [1]
labels` inlier num: [   0. 6890.]

colors = 
[[1. 0. 0.]]
(189, 6890, 7)
fin
*******************************    frame 10 and 20  (2/18)     *****************************
########    start to calc 1th cluster. cluster_unique=[0], label 0 num: 6890    ########
iteration:  1 / 4
could not find R : 1
most fitted inlier T`s num: 6890
iteration:  2 / 4
could not find R : 3
iteration:  3 / 4
could not find R : 5
iteration:  4 / 4
could not find R : 4
1`s n_inlier=6765
T=
[[ 9.993e-01 -1.890e-02  3.180e-02 -1.020e-02]
 [ 1.920e-02  9.998e-01 -7.800e-03  4.000e-04]
 [-3.160e-02  8.400e-03  9.995e-01 -2.000e-04]
 [ 0.000e+00  0.000e+00  0.000e+00  1.000e+00]]
########    start to calc 2th cluster. cluster_unique=[0 1], label 0 num: 125    ########
iteration:  1 / 4
could not find R : 2
most fitted inlier T`s num: 125
iteration:  2 / 4
could not find R : 5
iteration:  3 / 4
could not find R : 3
iteration:  4 / 4
could not find R : 4
2`s n_inlier=125
T=
[[ 0.9998 -0.0196  0.0083 -0.0302]
 [ 0.0197  0.9998 -0.0078 -0.0017]
 [-0.0081  0.0079  0.9999  0.0788]
 [ 0.      0.      0.      1.    ]]
The number of label 0 is smaller than sample size.

RANSAC finished
label unique: [1 2]
labels` inlier num: [   0. 6765.  125.]

colors = 
[[1. 0. 0.]
 [0. 1. 1.]]
(189, 6890, 7)
fin
*******************************    frame 20 and 30  (3/18)     *****************************
########    start to calc 1th cluster. cluster_unique=[0], label 0 num: 6890    ########
iteration:  1 / 4
could not find R : 6
most fitted inlier T`s num: 6775
iteration:  2 / 4
could not find R : 3
most fitted inlier T`s num: 6817
iteration:  3 / 4
could not find R : 6
iteration:  4 / 4
could not find R : 7
1`s n_inlier=6674
T=
[[ 0.9996  0.0099  0.0279 -0.009 ]
 [-0.0095  0.9998 -0.0169 -0.0031]
 [-0.0281  0.0166  0.9995 -0.005 ]
 [ 0.      0.      0.      1.    ]]
########    start to calc 2th cluster. cluster_unique=[0 1], label 0 num: 216    ########
iteration:  1 / 4
could not find R : 4
most fitted inlier T`s num: 216
iteration:  2 / 4
could not find R : 6
iteration:  3 / 4
could not find R : 3
iteration:  4 / 4
could not find R : 5
2`s n_inlier=216
T=
[[ 0.9736  0.1406 -0.1796 -0.0349]
 [-0.1575  0.984  -0.0834  0.0209]
 [ 0.165   0.1095  0.9802  0.0258]
 [ 0.      0.      0.      1.    ]]
The number of label 0 is smaller than sample size.

RANSAC finished
label unique: [1 2]
labels` inlier num: [   0. 6674.  216.]

(189, 6890, 7)
fin
*******************************    frame 30 and 40  (4/18)     *****************************
########    start to calc 1th cluster. cluster_unique=[0], label 0 num: 6890    ########
iteration:  1 / 4
could not find R : 5
most fitted inlier T`s num: 5945
iteration:  2 / 4
could not find R : 2
most fitted inlier T`s num: 6028
iteration:  3 / 4
could not find R : 4
iteration:  4 / 4
could not find R : 3
1`s n_inlier=5835
T=
[[ 0.9975  0.0301 -0.0638 -0.0015]
 [-0.0344  0.9972 -0.0671 -0.005 ]
 [ 0.0616  0.0692  0.9957 -0.0267]
 [ 0.      0.      0.      1.    ]]
########    start to calc 2th cluster. cluster_unique=[0 1], label 0 num: 1055    ########
iteration:  1 / 4
could not find R : 4
most fitted inlier T`s num: 823
iteration:  2 / 4
could not find R : 9
iteration:  3 / 4
could not find R : 6
most fitted inlier T`s num: 824
iteration:  4 / 4
could not find R : 1
most fitted inlier T`s num: 830
2`s n_inlier=812
T=
[[ 9.946e-01 -1.280e-02 -1.031e-01 -7.000e-04]
 [ 2.410e-02  9.937e-01  1.093e-01  4.460e-02]
 [ 1.011e-01 -1.112e-01  9.886e-01 -4.460e-02]
 [ 0.000e+00  0.000e+00  0.000e+00  1.000e+00]]
########    start to calc 3th cluster. cluster_unique=[0 1 2], label 0 num: 243    ########
iteration:  1 / 4
could not find R : 2
most fitted inlier T`s num: 243
iteration:  2 / 4
could not find R : 3
iteration:  3 / 4
could not find R : 9
iteration:  4 / 4
could not find R : 7
3`s n_inlier=243
T=
[[ 0.9657 -0.1836  0.1838  0.0332]
 [ 0.1814  0.983   0.0288  0.0323]
 [-0.1859  0.0055  0.9825  0.0293]
 [ 0.      0.      0.      1.    ]]
The number of label 0 is smaller than sample size.

RANSAC finished
label unique: [1 2 3]
labels` inlier num: [   0. 5835.  812.  243.]

colors = 
[[1. 0. 0.]
 [0. 1. 0.]
 [0. 0. 1.]]
(189, 6890, 7)
fin
*******************************    frame 40 and 50  (5/18)     *****************************
########    start to calc 1th cluster. cluster_unique=[0], label 0 num: 6890    ########
iteration:  1 / 4
could not find R : 6
most fitted inlier T`s num: 5154
iteration:  2 / 4
could not find R : 5
most fitted inlier T`s num: 5162
iteration:  3 / 4
could not find R : 8
most fitted inlier T`s num: 5185
iteration:  4 / 4
could not find R : 6
most fitted inlier T`s num: 5197
1`s n_inlier=5117
T=
[[ 0.9998  0.0155  0.0122 -0.0047]
 [-0.0094  0.9193 -0.3935  0.0451]
 [-0.0173  0.3933  0.9192 -0.258 ]
 [ 0.      0.      0.      1.    ]]
########    start to calc 2th cluster. cluster_unique=[0 1], label 0 num: 1773    ########
iteration:  1 / 4
could not find R : 5
most fitted inlier T`s num: 1773
iteration:  2 / 4
could not find R : 6
iteration:  3 / 4
could not find R : 6
iteration:  4 / 4
could not find R : 5
2`s n_inlier=1773
T=
[[ 0.9974 -0.0139  0.071   0.0089]
 [ 0.0118  0.9995  0.0289  0.0135]
 [-0.0714 -0.028   0.9971 -0.0109]
 [ 0.      0.      0.      1.    ]]
The number of label 0 is smaller than sample size.

RANSAC finished
label unique: [1 2]
labels` inlier num: [   0. 5117. 1773.]

colors = 
[[1. 0. 0.]
 [0. 1. 1.]]
(189, 6890, 7)
fin
*******************************    frame 50 and 60  (6/18)     *****************************
########    start to calc 1th cluster. cluster_unique=[0], label 0 num: 6890    ########
iteration:  1 / 4
could not find R : 5
most fitted inlier T`s num: 4411
iteration:  2 / 4
could not find R : 4
iteration:  3 / 4
could not find R : 2
most fitted inlier T`s num: 4518
iteration:  4 / 4
could not find R : 5
1`s n_inlier=4597
T=
[[ 0.9795 -0.1408  0.1442  0.0915]
 [ 0.1315  0.9887  0.0721 -0.1927]
 [-0.1528 -0.0517  0.9869  0.0472]
 [ 0.      0.      0.      1.    ]]
########    start to calc 2th cluster. cluster_unique=[0 1], label 0 num: 2293    ########
iteration:  1 / 4
could not find R : 7
most fitted inlier T`s num: 1117
iteration:  2 / 4
could not find R : 2
iteration:  3 / 4
could not find R : 2
iteration:  4 / 4
could not find R : 6
2`s n_inlier=1063
T=
[[ 0.9992 -0.0165 -0.0365 -0.0106]
 [ 0.0111  0.9895 -0.144  -0.0619]
 [ 0.0385  0.1435  0.9889  0.0802]
 [ 0.      0.      0.      1.    ]]
########    start to calc 3th cluster. cluster_unique=[0 1 2], label 0 num: 1230    ########
iteration:  1 / 4
could not find R : 3
most fitted inlier T`s num: 833
iteration:  2 / 4
could not find R : 10
most fitted inlier T`s num: 836
iteration:  3 / 4
could not find R : 4
most fitted inlier T`s num: 846
iteration:  4 / 4
could not find R : 4
3`s n_inlier=796
T=
[[ 0.9406 -0.3234  0.1032  0.0711]
 [ 0.2326  0.8355  0.4979 -0.0432]
 [-0.2472 -0.4443  0.8611  0.0881]
 [ 0.      0.      0.      1.    ]]
########    start to calc 4th cluster. cluster_unique=[0 1 2 3], label 0 num: 434    ########
iteration:  1 / 4
could not find R : 6
most fitted inlier T`s num: 265
iteration:  2 / 4
could not find R : 5
iteration:  3 / 4
could not find R : 4
iteration:  4 / 4
could not find R : 1
most fitted inlier T`s num: 266
4`s n_inlier=262
T=
[[ 0.9991 -0.029  -0.0311  0.0067]
 [ 0.0302  0.9988  0.0381 -0.1414]
 [ 0.0299 -0.039   0.9988  0.01  ]
 [ 0.      0.      0.      1.    ]]
########    start to calc 5th cluster. cluster_unique=[0 1 2 3 4], label 0 num: 172    ########
iteration:  1 / 4
could not find R : 4
most fitted inlier T`s num: 166
iteration:  2 / 4
could not find R : 4
iteration:  3 / 4
could not find R : 11
iteration:  4 / 4
could not find R : 4
5`s n_inlier=165
T=
[[ 0.9943 -0.0347 -0.1006  0.0394]
 [ 0.0522  0.9829  0.1766 -0.2319]
 [ 0.0927 -0.1809  0.9791  0.2092]
 [ 0.      0.      0.      1.    ]]
########    start to calc 6th cluster. cluster_unique=[0 1 2 3 4 5], label 0 num: 7    ########
iteration:  1 / 4
could not find R : 6
most fitted inlier T`s num: 4
iteration:  2 / 4
could not find R : 3
iteration:  3 / 4
could not find R : 6
most fitted inlier T`s num: 6
iteration:  4 / 4
could not find R : 4
6`s n_inlier=4
T=
[[ 0.9755 -0.0661  0.21    0.017 ]
 [ 0.0558  0.9969  0.0548 -0.1619]
 [-0.2129 -0.0418  0.9762  0.0752]
 [ 0.      0.      0.      1.    ]]
########    start to calc 7th cluster. cluster_unique=[0 1 2 3 4 5 6], label 0 num: 3    ########
iteration:  1 / 4
could not find R : 7
most fitted inlier T`s num: 3
iteration:  2 / 4
could not find R : 3
iteration:  3 / 4
could not find R : 10
iteration:  4 / 4
could not find R : 7
7`s n_inlier=3
T=
[[ 0.9985 -0.0018  0.0545  0.0217]
 [-0.0139  0.9575  0.2879 -0.0732]
 [-0.0527 -0.2883  0.9561  0.0603]
 [ 0.      0.      0.      1.    ]]
The number of label 0 is smaller than sample size.

RANSAC finished
label unique: [1 2 3 4 5 6 7]
labels` inlier num: [0.000e+00 4.597e+03 1.063e+03 7.960e+02 2.620e+02 1.650e+02 4.000e+00
 3.000e+00]

colors = 
[[1.         0.         0.        ]
 [1.         0.85714286 0.        ]
 [0.28571429 1.         0.        ]
 [0.         1.         0.57142857]
 [0.         0.57142857 1.        ]
 [0.28571429 0.         1.        ]
 [1.         0.         0.85714286]]
(189, 6890, 7)
fin
*******************************    frame 60 and 70  (7/18)     *****************************
########    start to calc 1th cluster. cluster_unique=[0], label 0 num: 6890    ########
iteration:  1 / 4
could not find R : 3
most fitted inlier T`s num: 2803
iteration:  2 / 4
could not find R : 6
iteration:  3 / 4
could not find R : 4
most fitted inlier T`s num: 2820
iteration:  4 / 4
could not find R : 3
most fitted inlier T`s num: 2821
1`s n_inlier=2804
T=
[[ 0.9976 -0.0198 -0.0657 -0.0087]
 [ 0.0341  0.9738  0.2249  0.2006]
 [ 0.0595 -0.2266  0.9722  0.0918]
 [ 0.      0.      0.      1.    ]]
########    start to calc 2th cluster. cluster_unique=[0 1], label 0 num: 4086    ########
iteration:  1 / 4
could not find R : 8
most fitted inlier T`s num: 1203
iteration:  2 / 4
could not find R : 3
iteration:  3 / 4
could not find R : 2
most fitted inlier T`s num: 1218
iteration:  4 / 4
could not find R : 4
2`s n_inlier=1133
T=
[[ 1.      0.0043 -0.0055  0.0083]
 [-0.0041  0.999   0.0456  0.038 ]
 [ 0.0057 -0.0456  0.9989 -0.0353]
 [ 0.      0.      0.      1.    ]]
########    start to calc 3th cluster. cluster_unique=[0 1 2], label 0 num: 2953    ########
iteration:  1 / 4
could not find R : 2
most fitted inlier T`s num: 1139
iteration:  2 / 4
could not find R : 7
most fitted inlier T`s num: 1145
iteration:  3 / 4
could not find R : 6
iteration:  4 / 4
could not find R : 1
3`s n_inlier=1088
T=
[[ 0.5535  0.544  -0.6307 -0.2308]
 [ 0.7452  0.0148  0.6667  0.6568]
 [ 0.372  -0.8389 -0.3972  0.2069]
 [ 0.      0.      0.      1.    ]]
########    start to calc 4th cluster. cluster_unique=[0 1 2 3], label 0 num: 1865    ########
iteration:  1 / 4
could not find R : 8
most fitted inlier T`s num: 1093
iteration:  2 / 4
could not find R : 1
most fitted inlier T`s num: 1099
iteration:  3 / 4
could not find R : 5
most fitted inlier T`s num: 1106
iteration:  4 / 4
could not find R : 4
4`s n_inlier=1073
T=
[[ 0.7066 -0.6449  0.2912  0.2082]
 [-0.6369 -0.4003  0.6589  0.6971]
 [-0.3084 -0.651  -0.6936  0.1715]
 [ 0.      0.      0.      1.    ]]
########    start to calc 5th cluster. cluster_unique=[0 1 2 3 4], label 0 num: 792    ########
iteration:  1 / 4
most fitted inlier T`s num: 616
iteration:  2 / 4
could not find R : 7
iteration:  3 / 4
could not find R : 2
iteration:  4 / 4
could not find R : 4
5`s n_inlier=602
T=
[[ 9.979e-01 -1.600e-03 -6.530e-02  4.000e-04]
 [ 5.260e-02  6.126e-01  7.886e-01  4.774e-01]
 [ 3.870e-02 -7.904e-01  6.114e-01  4.657e-01]
 [ 0.000e+00  0.000e+00  0.000e+00  1.000e+00]]
########    start to calc 6th cluster. cluster_unique=[0 1 2 3 4 5], label 0 num: 190    ########
iteration:  1 / 4
could not find R : 5
most fitted inlier T`s num: 133
iteration:  2 / 4
could not find R : 6
most fitted inlier T`s num: 134
iteration:  3 / 4
could not find R : 1
iteration:  4 / 4
could not find R : 6
6`s n_inlier=132
T=
[[ 0.999   0.0451 -0.005   0.0026]
 [-0.0449  0.966  -0.2545  0.0754]
 [-0.0067  0.2545  0.9671  0.0038]
 [ 0.      0.      0.      1.    ]]
########    start to calc 7th cluster. cluster_unique=[0 1 2 3 4 5 6], label 0 num: 58    ########
iteration:  1 / 4
could not find R : 7
most fitted inlier T`s num: 57
iteration:  2 / 4
could not find R : 5
most fitted inlier T`s num: 58
iteration:  3 / 4
could not find R : 4
iteration:  4 / 4
could not find R : 7
7`s n_inlier=57
T=
[[ 0.9616  0.0113 -0.2742 -0.0065]
 [ 0.2142  0.5939  0.7755  0.4441]
 [ 0.1716 -0.8045  0.5687  0.4256]
 [ 0.      0.      0.      1.    ]]
The number of label 0 is smaller than sample size.

RANSAC finished
label unique: [0 1 2 3 4 5 6 7]
labels` inlier num: [1.000e+00 2.804e+03 1.133e+03 1.088e+03 1.073e+03 6.020e+02 1.320e+02
 5.700e+01]

colors = 
[[1.   0.   0.  ]
 [1.   0.75 0.  ]
 [0.5  1.   0.  ]
 [0.   1.   0.25]
 [0.   1.   1.  ]
 [0.   0.25 1.  ]
 [0.5  0.   1.  ]
 [1.   0.   0.75]]
(189, 6890, 7)
fin
*******************************    frame 70 and 80  (8/18)     *****************************
########    start to calc 1th cluster. cluster_unique=[0], label 0 num: 6890    ########
iteration:  1 / 4
could not find R : 9
most fitted inlier T`s num: 2833
iteration:  2 / 4
could not find R : 5
most fitted inlier T`s num: 2839
iteration:  3 / 4
could not find R : 6
iteration:  4 / 4
could not find R : 6
most fitted inlier T`s num: 2844
1`s n_inlier=2798
T=
[[ 0.9961  0.0162  0.0862  0.0014]
 [ 0.0122  0.9476 -0.3193  0.353 ]
 [-0.0869  0.3191  0.9437 -0.1921]
 [ 0.      0.      0.      1.    ]]
########    start to calc 2th cluster. cluster_unique=[0 1], label 0 num: 4092    ########
iteration:  1 / 4
could not find R : 4
most fitted inlier T`s num: 1368
iteration:  2 / 4
could not find R : 5
iteration:  3 / 4
could not find R : 3
iteration:  4 / 4
could not find R : 2
2`s n_inlier=1327
T=
[[ 0.423  -0.2845 -0.8603  0.0739]
 [-0.6057  0.6174 -0.502   0.48  ]
 [ 0.674   0.7334  0.0889 -0.4122]
 [ 0.      0.      0.      1.    ]]
########    start to calc 3th cluster. cluster_unique=[0 1 2], label 0 num: 2765    ########
iteration:  1 / 4
could not find R : 7
most fitted inlier T`s num: 1094
iteration:  2 / 4
could not find R : 4
iteration:  3 / 4
could not find R : 7
most fitted inlier T`s num: 1098
iteration:  4 / 4
could not find R : 7
3`s n_inlier=1070
T=
[[ 0.2129  0.8961  0.3895 -0.341 ]
 [ 0.4781  0.2521 -0.8413  0.6429]
 [-0.8521  0.3654 -0.3747 -0.1603]
 [ 0.      0.      0.      1.    ]]
########    start to calc 4th cluster. cluster_unique=[0 1 2 3], label 0 num: 1695    ########
iteration:  1 / 4
could not find R : 8
most fitted inlier T`s num: 1039
iteration:  2 / 4
could not find R : 5
iteration:  3 / 4
could not find R : 2
iteration:  4 / 4
could not find R : 8
4`s n_inlier=980
T=
[[ 0.9796 -0.0217  0.1996  0.0368]
 [ 0.0028  0.9955  0.0946  0.4374]
 [-0.2007 -0.0921  0.9753  0.0333]
 [ 0.      0.      0.      1.    ]]
########    start to calc 5th cluster. cluster_unique=[0 1 2 3 4], label 0 num: 715    ########
iteration:  1 / 4
could not find R : 5
most fitted inlier T`s num: 479
iteration:  2 / 4
could not find R : 5
most fitted inlier T`s num: 487
iteration:  3 / 4
could not find R : 4
iteration:  4 / 4
could not find R : 3
5`s n_inlier=468
T=
[[ 0.9932  0.1141  0.0248 -0.0127]
 [-0.0887  0.8752 -0.4756  0.3869]
 [-0.076   0.4701  0.8793  0.1844]
 [ 0.      0.      0.      1.    ]]
########    start to calc 6th cluster. cluster_unique=[0 1 2 3 4 5], label 0 num: 247    ########
iteration:  1 / 4
could not find R : 6
most fitted inlier T`s num: 180
iteration:  2 / 4
could not find R : 3
iteration:  3 / 4
could not find R : 7
iteration:  4 / 4
could not find R : 3
6`s n_inlier=180
T=
[[ 0.9993  0.0358 -0.0113 -0.0398]
 [-0.0354  0.7996 -0.5995  0.4814]
 [-0.0124  0.5995  0.8003 -0.4891]
 [ 0.      0.      0.      1.    ]]
########    start to calc 7th cluster. cluster_unique=[0 1 2 3 4 5 6], label 0 num: 67    ########
iteration:  1 / 4
could not find R : 6
most fitted inlier T`s num: 48
iteration:  2 / 4
could not find R : 4
iteration:  3 / 4
could not find R : 4
iteration:  4 / 4
could not find R : 4
7`s n_inlier=41
T=
[[ 0.9795 -0.0303  0.1993  0.0249]
 [ 0.0488  0.9949 -0.0886  0.3945]
 [-0.1956  0.0965  0.9759  0.0963]
 [ 0.      0.      0.      1.    ]]
########    start to calc 8th cluster. cluster_unique=[0 1 2 3 4 5 6 7], label 0 num: 26    ########
iteration:  1 / 4
could not find R : 9
most fitted inlier T`s num: 25
iteration:  2 / 4
could not find R : 5
most fitted inlier T`s num: 26
iteration:  3 / 4
could not find R : 3
iteration:  4 / 4
could not find R : 2
8`s n_inlier=21
T=
[[ 0.777   0.1066 -0.6204 -0.0431]
 [-0.2964  0.9314 -0.2111  0.3622]
 [ 0.5553  0.348   0.7553  0.1556]
 [ 0.      0.      0.      1.    ]]
########    start to calc 9th cluster. cluster_unique=[0 1 2 3 4 5 6 7 8], label 0 num: 5    ########
iteration:  1 / 4
could not find R : 4
most fitted inlier T`s num: 5
iteration:  2 / 4
could not find R : 4
iteration:  3 / 4
could not find R : 5
iteration:  4 / 4
could not find R : 5
9`s n_inlier=5
T=
[[ 0.9953 -0.0208  0.0945 -0.0013]
 [ 0.0244  0.999  -0.0374  0.4656]
 [-0.0936  0.0395  0.9948  0.1149]
 [ 0.      0.      0.      1.    ]]
The number of label 0 is smaller than sample size.

RANSAC finished
label unique: [1 2 3 4 5 6 7 8 9]
labels` inlier num: [   0. 2798. 1327. 1070.  980.  468.  180.   41.   21.    5.]

colors = 
[[1.         0.         0.        ]
 [1.         0.66666667 0.        ]
 [0.66666667 1.         0.        ]
 [0.         1.         0.        ]
 [0.         1.         0.66666667]
 [0.         0.66666667 1.        ]
 [0.         0.         1.        ]
 [0.66666667 0.         1.        ]
 [1.         0.         0.66666667]]
(189, 6890, 7)
fin
*******************************    frame 80 and 90  (9/18)     *****************************
########    start to calc 1th cluster. cluster_unique=[0], label 0 num: 6890    ########
iteration:  1 / 4
could not find R : 5
most fitted inlier T`s num: 3512
iteration:  2 / 4
could not find R : 5
most fitted inlier T`s num: 3524
iteration:  3 / 4
could not find R : 5
iteration:  4 / 4
could not find R : 8
1`s n_inlier=3451
T=
[[ 0.911   0.3604 -0.2005 -0.3782]
 [-0.3834  0.9192 -0.0897  0.0206]
 [ 0.152   0.1586  0.9756 -0.1355]
 [ 0.      0.      0.      1.    ]]
########    start to calc 2th cluster. cluster_unique=[0 1], label 0 num: 3439    ########
iteration:  1 / 4
could not find R : 4
most fitted inlier T`s num: 1617
iteration:  2 / 4
could not find R : 4
iteration:  3 / 4
could not find R : 8
iteration:  4 / 4
could not find R : 3
2`s n_inlier=1474
T=
[[ 0.9599 -0.2222  0.1713  0.2084]
 [ 0.2761  0.8564 -0.4364  0.076 ]
 [-0.0497  0.4661  0.8833 -0.4695]
 [ 0.      0.      0.      1.    ]]
########    start to calc 3th cluster. cluster_unique=[0 1 2], label 0 num: 1965    ########
iteration:  1 / 4
could not find R : 3
most fitted inlier T`s num: 689
iteration:  2 / 4
could not find R : 8
most fitted inlier T`s num: 696
iteration:  3 / 4
could not find R : 1
iteration:  4 / 4
could not find R : 4
3`s n_inlier=696
T=
[[ 0.9954 -0.0911 -0.0309  0.0514]
 [ 0.0779  0.5764  0.8135  0.5234]
 [-0.0563 -0.8121  0.5808  0.4858]
 [ 0.      0.      0.      1.    ]]
########    start to calc 4th cluster. cluster_unique=[0 1 2 3], label 0 num: 1269    ########
iteration:  1 / 4
could not find R : 6
most fitted inlier T`s num: 491
iteration:  2 / 4
could not find R : 3
iteration:  3 / 4
could not find R : 2
iteration:  4 / 4
could not find R : 4
most fitted inlier T`s num: 494
4`s n_inlier=479
T=
[[ 0.9969 -0.0745 -0.0246  0.0598]
 [ 0.0678  0.9757 -0.2085  0.5331]
 [ 0.0396  0.2062  0.9777  0.0726]
 [ 0.      0.      0.      1.    ]]
########    start to calc 5th cluster. cluster_unique=[0 1 2 3 4], label 0 num: 790    ########
iteration:  1 / 4
could not find R : 4
most fitted inlier T`s num: 372
iteration:  2 / 4
could not find R : 5
iteration:  3 / 4
could not find R : 5
iteration:  4 / 4
could not find R : 5
most fitted inlier T`s num: 379
5`s n_inlier=358
T=
[[ 0.9994 -0.0251  0.0255  0.0353]
 [ 0.0337  0.899  -0.4367  0.0743]
 [-0.012   0.4372  0.8993 -0.4521]
 [ 0.      0.      0.      1.    ]]
########    start to calc 6th cluster. cluster_unique=[0 1 2 3 4 5], label 0 num: 432    ########
iteration:  1 / 4
could not find R : 3
most fitted inlier T`s num: 370
iteration:  2 / 4
could not find R : 2
iteration:  3 / 4
could not find R : 4
iteration:  4 / 4
could not find R : 3
6`s n_inlier=370
T=
[[ 0.7722  0.4243 -0.473  -0.0586]
 [-0.5962  0.7412 -0.3085  0.6854]
 [ 0.2197  0.5202  0.8253 -0.0658]
 [ 0.      0.      0.      1.    ]]
########    start to calc 7th cluster. cluster_unique=[0 1 2 3 4 5 6], label 0 num: 62    ########
iteration:  1 / 4
could not find R : 1
most fitted inlier T`s num: 60
iteration:  2 / 4
could not find R : 10
iteration:  3 / 4
could not find R : 7
iteration:  4 / 4
could not find R : 7
7`s n_inlier=60
T=
[[ 0.9977 -0.0409 -0.0548  0.01  ]
 [ 0.0552  0.9548  0.2922  0.1385]
 [ 0.0404 -0.2945  0.9548  0.1948]
 [ 0.      0.      0.      1.    ]]
The number of label 0 is smaller than sample size.

RANSAC finished
label unique: [0 1 2 3 4 5 6 7]
labels` inlier num: [2.000e+00 3.451e+03 1.474e+03 6.960e+02 4.790e+02 3.580e+02 3.700e+02
 6.000e+01]

colors = 
[[1.   0.   0.  ]
 [1.   0.75 0.  ]
 [0.5  1.   0.  ]
 [0.   1.   0.25]
 [0.   1.   1.  ]
 [0.   0.25 1.  ]
 [0.5  0.   1.  ]
 [1.   0.   0.75]]
(189, 6890, 7)
fin
*******************************    frame 90 and 100  (10/18)     *****************************
########    start to calc 1th cluster. cluster_unique=[0], label 0 num: 6890    ########
iteration:  1 / 4
could not find R : 6
most fitted inlier T`s num: 3820
iteration:  2 / 4
could not find R : 3
iteration:  3 / 4
could not find R : 4
iteration:  4 / 4
could not find R : 5
1`s n_inlier=3707
T=
[[ 0.9957 -0.0904 -0.0201  0.1173]
 [ 0.092   0.9908  0.0997  0.0332]
 [ 0.0109 -0.1012  0.9948  0.0595]
 [ 0.      0.      0.      1.    ]]
########    start to calc 2th cluster. cluster_unique=[0 1], label 0 num: 3183    ########
iteration:  1 / 4
could not find R : 4
most fitted inlier T`s num: 1205
iteration:  2 / 4
could not find R : 4
iteration:  3 / 4
could not find R : 6
iteration:  4 / 4
could not find R : 2
2`s n_inlier=1067
T=
[[ 0.9769  0.1827 -0.1113 -0.1149]
 [-0.1156  0.8886  0.444   0.1383]
 [ 0.18   -0.4208  0.8891  0.4151]
 [ 0.      0.      0.      1.    ]]
########    start to calc 3th cluster. cluster_unique=[0 1 2], label 0 num: 2116    ########
iteration:  1 / 4
could not find R : 2
most fitted inlier T`s num: 695
iteration:  2 / 4
could not find R : 5
iteration:  3 / 4
could not find R : 1
iteration:  4 / 4
could not find R : 2
most fitted inlier T`s num: 719
3`s n_inlier=757
T=
[[ 0.9716  0.0352 -0.2339 -0.0374]
 [ 0.0843  0.8724  0.4814 -0.5765]
 [ 0.221  -0.4875  0.8447  0.3224]
 [ 0.      0.      0.      1.    ]]
########    start to calc 4th cluster. cluster_unique=[0 1 2 3], label 0 num: 1359    ########
iteration:  1 / 4
could not find R : 1
most fitted inlier T`s num: 630
iteration:  2 / 4
could not find R : 1
most fitted inlier T`s num: 643
iteration:  3 / 4
could not find R : 1
iteration:  4 / 4
could not find R : 2
4`s n_inlier=615
T=
[[ 9.978e-01 -2.270e-02  6.180e-02  3.080e-02]
 [-3.000e-04  9.371e-01  3.492e-01  2.630e-02]
 [-6.580e-02 -3.484e-01  9.350e-01  3.856e-01]
 [ 0.000e+00  0.000e+00  0.000e+00  1.000e+00]]
########    start to calc 5th cluster. cluster_unique=[0 1 2 3 4], label 0 num: 744    ########
iteration:  1 / 4
could not find R : 6
most fitted inlier T`s num: 481
iteration:  2 / 4
could not find R : 5
most fitted inlier T`s num: 493
iteration:  3 / 4
could not find R : 5
iteration:  4 / 4
could not find R : 6
5`s n_inlier=488
T=
[[ 0.9979 -0.0104 -0.0644 -0.0058]
 [-0.0555  0.3839 -0.9217  0.1864]
 [ 0.0343  0.9233  0.3825 -0.727 ]
 [ 0.      0.      0.      1.    ]]
########    start to calc 6th cluster. cluster_unique=[0 1 2 3 4 5], label 0 num: 256    ########
iteration:  1 / 4
could not find R : 3
most fitted inlier T`s num: 145
iteration:  2 / 4
could not find R : 2
iteration:  3 / 4
could not find R : 7
iteration:  4 / 4
could not find R : 6
6`s n_inlier=128
T=
[[ 0.9063 -0.4123  0.0926  0.2877]
 [ 0.3929  0.9028  0.1749 -0.6481]
 [-0.1557 -0.1221  0.9802  0.1356]
 [ 0.      0.      0.      1.    ]]
########    start to calc 7th cluster. cluster_unique=[0 1 2 3 4 5 6], label 0 num: 128    ########
iteration:  1 / 4
could not find R : 2
most fitted inlier T`s num: 98
iteration:  2 / 4
could not find R : 3
iteration:  3 / 4
could not find R : 2
iteration:  4 / 4
could not find R : 6
7`s n_inlier=98
T=
[[ 0.9946  0.0821  0.064  -0.0543]
 [-0.06    0.9548 -0.2911 -0.1491]
 [-0.085   0.2856  0.9546 -0.1454]
 [ 0.      0.      0.      1.    ]]
########    start to calc 8th cluster. cluster_unique=[0 1 2 3 4 5 6 7], label 0 num: 30    ########
iteration:  1 / 4
could not find R : 8
most fitted inlier T`s num: 30
iteration:  2 / 4
could not find R : 3
iteration:  3 / 4
could not find R : 5
iteration:  4 / 4
could not find R : 4
8`s n_inlier=30
T=
[[ 0.9846  0.1591 -0.0721 -0.1474]
 [-0.0795  0.7756  0.6262 -0.4921]
 [ 0.1555 -0.6109  0.7763  0.3746]
 [ 0.      0.      0.      1.    ]]
The number of label 0 is smaller than sample size.

RANSAC finished
label unique: [1 2 3 4 5 6 7 8]
labels` inlier num: [   0. 3707. 1067.  757.  615.  488.  128.   98.   30.]

(189, 6890, 7)
fin
*******************************    frame 100 and 110  (11/18)     *****************************
########    start to calc 1th cluster. cluster_unique=[0], label 0 num: 6890    ########
iteration:  1 / 4
could not find R : 3
most fitted inlier T`s num: 4962
iteration:  2 / 4
could not find R : 5
most fitted inlier T`s num: 4988
iteration:  3 / 4
could not find R : 5
iteration:  4 / 4
could not find R : 5
1`s n_inlier=4893
T=
[[ 0.9979  0.0038  0.0645  0.0064]
 [-0.0249  0.944   0.329  -0.3537]
 [-0.0596 -0.3299  0.9421  0.3881]
 [ 0.      0.      0.      1.    ]]
########    start to calc 2th cluster. cluster_unique=[0 1], label 0 num: 1997    ########
iteration:  1 / 4
could not find R : 3
most fitted inlier T`s num: 1717
iteration:  2 / 4
could not find R : 8
iteration:  3 / 4
could not find R : 5
iteration:  4 / 4
could not find R : 4
2`s n_inlier=1687
T=
[[ 0.9992 -0.0288 -0.0293  0.0118]
 [ 0.0283  0.9995 -0.0152 -0.4132]
 [ 0.0297  0.0143  0.9995  0.0047]
 [ 0.      0.      0.      1.    ]]
########    start to calc 3th cluster. cluster_unique=[0 1 2], label 0 num: 310    ########
iteration:  1 / 4
could not find R : 4
most fitted inlier T`s num: 310
iteration:  2 / 4
could not find R : 6
iteration:  3 / 4
could not find R : 2
iteration:  4 / 4
could not find R : 2
3`s n_inlier=310
T=
[[ 0.9919  0.0828 -0.0958  0.0566]
 [ 0.0154  0.6719  0.7405 -0.3927]
 [ 0.1257 -0.736   0.6652 -0.1327]
 [ 0.      0.      0.      1.    ]]
The number of label 0 is smaller than sample size.

RANSAC finished
label unique: [1 2 3]
labels` inlier num: [   0. 4893. 1687.  310.]

colors = 
[[1. 0. 0.]
 [0. 1. 0.]
 [0. 0. 1.]]
(189, 6890, 7)
fin
*******************************    frame 110 and 120  (12/18)     *****************************
########    start to calc 1th cluster. cluster_unique=[0], label 0 num: 6890    ########
iteration:  1 / 4
could not find R : 3
most fitted inlier T`s num: 4645
iteration:  2 / 4
could not find R : 3
iteration:  3 / 4
could not find R : 11
iteration:  4 / 4
could not find R : 5
1`s n_inlier=4551
T=
[[ 0.992   0.1036 -0.0726 -0.0529]
 [-0.1183  0.9632 -0.2415 -0.0911]
 [ 0.0449  0.2482  0.9677 -0.1004]
 [ 0.      0.      0.      1.    ]]
########    start to calc 2th cluster. cluster_unique=[0 1], label 0 num: 2339    ########
iteration:  1 / 4
could not find R : 5
most fitted inlier T`s num: 1300
iteration:  2 / 4
could not find R : 6
iteration:  3 / 4
could not find R : 5
iteration:  4 / 4
could not find R : 4
2`s n_inlier=1300
T=
[[ 1.000e+00 -8.000e-04 -2.200e-03  7.500e-03]
 [ 1.000e-03  9.983e-01  5.860e-02 -6.000e-04]
 [ 2.200e-03 -5.860e-02  9.983e-01 -2.620e-02]
 [ 0.000e+00  0.000e+00  0.000e+00  1.000e+00]]
########    start to calc 3th cluster. cluster_unique=[0 1 2], label 0 num: 1039    ########
iteration:  1 / 4
could not find R : 3
most fitted inlier T`s num: 1039
iteration:  2 / 4
could not find R : 5
iteration:  3 / 4
could not find R : 4
iteration:  4 / 4
could not find R : 5
3`s n_inlier=1039
T=
[[ 0.9675 -0.2526  0.0123  0.1447]
 [ 0.1911  0.6984 -0.6897  0.0626]
 [ 0.1656  0.6697  0.724  -0.258 ]
 [ 0.      0.      0.      1.    ]]
The number of label 0 is smaller than sample size.

RANSAC finished
label unique: [1 2 3]
labels` inlier num: [   0. 4551. 1300. 1039.]

(189, 6890, 7)
fin
*******************************    frame 120 and 130  (13/18)     *****************************
########    start to calc 1th cluster. cluster_unique=[0], label 0 num: 6890    ########
iteration:  1 / 4
could not find R : 2
most fitted inlier T`s num: 3700
iteration:  2 / 4
could not find R : 8
iteration:  3 / 4
could not find R : 3
iteration:  4 / 4
could not find R : 4
1`s n_inlier=3614
T=
[[ 0.9982 -0.0128 -0.0586  0.0162]
 [ 0.0185  0.995   0.0979  0.1261]
 [ 0.057  -0.0988  0.9935  0.0491]
 [ 0.      0.      0.      1.    ]]
########    start to calc 2th cluster. cluster_unique=[0 1], label 0 num: 3276    ########
iteration:  1 / 4
could not find R : 3
most fitted inlier T`s num: 1379
iteration:  2 / 4
could not find R : 3
most fitted inlier T`s num: 1384
iteration:  3 / 4
could not find R : 2
iteration:  4 / 4
could not find R : 7
most fitted inlier T`s num: 1421
2`s n_inlier=1425
T=
[[ 0.9939 -0.1099  0.0132  0.0345]
 [ 0.1013  0.8557 -0.5075  0.2269]
 [ 0.0445  0.5057  0.8615 -0.2243]
 [ 0.      0.      0.      1.    ]]
########    start to calc 3th cluster. cluster_unique=[0 1 2], label 0 num: 1851    ########
iteration:  1 / 4
could not find R : 4
most fitted inlier T`s num: 1161
iteration:  2 / 4
could not find R : 3
iteration:  3 / 4
could not find R : 7
iteration:  4 / 4
could not find R : 4
3`s n_inlier=1156
T=
[[ 0.9993  0.0051 -0.0368  0.0036]
 [-0.0029  0.9983  0.0579  0.016 ]
 [ 0.037  -0.0578  0.9976 -0.0353]
 [ 0.      0.      0.      1.    ]]
########    start to calc 4th cluster. cluster_unique=[0 1 2 3], label 0 num: 695    ########
iteration:  1 / 4
could not find R : 6
most fitted inlier T`s num: 695
iteration:  2 / 4
could not find R : 6
iteration:  3 / 4
could not find R : 7
iteration:  4 / 4
could not find R : 5
4`s n_inlier=690
T=
[[ 9.474e-01  1.970e-01  2.522e-01  8.000e-04]
 [ 3.270e-02  7.244e-01 -6.886e-01  2.126e-01]
 [-3.183e-01  6.606e-01  6.799e-01 -1.128e-01]
 [ 0.000e+00  0.000e+00  0.000e+00  1.000e+00]]
########    start to calc 5th cluster. cluster_unique=[0 1 2 3 4], label 0 num: 5    ########
iteration:  1 / 4
could not find R : 4
most fitted inlier T`s num: 5
iteration:  2 / 4
could not find R : 8
iteration:  3 / 4
could not find R : 3
iteration:  4 / 4
could not find R : 6
5`s n_inlier=5
T=
[[ 0.9983  0.0487 -0.0327  0.0013]
 [-0.0539  0.9817 -0.1824  0.064 ]
 [ 0.0232  0.1838  0.9827 -0.0024]
 [ 0.      0.      0.      1.    ]]
The number of label 0 is smaller than sample size.

RANSAC finished
label unique: [1 2 3 4 5]
labels` inlier num: [   0. 3614. 1425. 1156.  690.    5.]

colors = 
[[1.  0.  0. ]
 [0.8 1.  0. ]
 [0.  1.  0.4]
 [0.  0.4 1. ]
 [0.8 0.  1. ]]
(189, 6890, 7)
fin
*******************************    frame 130 and 140  (14/18)     *****************************
########    start to calc 1th cluster. cluster_unique=[0], label 0 num: 6890    ########
iteration:  1 / 4
could not find R : 2
most fitted inlier T`s num: 5852
iteration:  2 / 4
could not find R : 3
most fitted inlier T`s num: 5912
iteration:  3 / 4
could not find R : 4
iteration:  4 / 4
could not find R : 7
1`s n_inlier=5775
T=
[[ 9.973e-01  9.000e-04 -7.410e-02  2.450e-02]
 [ 1.040e-02  9.882e-01  1.527e-01  1.154e-01]
 [ 7.330e-02 -1.530e-01  9.855e-01  6.010e-02]
 [ 0.000e+00  0.000e+00  0.000e+00  1.000e+00]]
########    start to calc 2th cluster. cluster_unique=[0 1], label 0 num: 1115    ########
iteration:  1 / 4
could not find R : 6
most fitted inlier T`s num: 1115
iteration:  2 / 4
could not find R : 4
iteration:  3 / 4
could not find R : 7
iteration:  4 / 4
could not find R : 2
2`s n_inlier=1115
T=
[[ 0.999  -0.0378 -0.0231  0.015 ]
 [ 0.0384  0.9988  0.0296  0.035 ]
 [ 0.0219 -0.0305  0.9993 -0.0287]
 [ 0.      0.      0.      1.    ]]
The number of label 0 is smaller than sample size.

RANSAC finished
label unique: [1 2]
labels` inlier num: [   0. 5775. 1115.]

colors = 
[[1. 0. 0.]
 [0. 1. 1.]]
(189, 6890, 7)
fin
*******************************    frame 140 and 150  (15/18)     *****************************
########    start to calc 1th cluster. cluster_unique=[0], label 0 num: 6890    ########
iteration:  1 / 4
could not find R : 6
most fitted inlier T`s num: 5663
iteration:  2 / 4
could not find R : 2
most fitted inlier T`s num: 5664
iteration:  3 / 4
could not find R : 4
most fitted inlier T`s num: 5665
iteration:  4 / 4
could not find R : 3
1`s n_inlier=5532
T=
[[ 9.954e-01  4.070e-02 -8.670e-02  9.800e-03]
 [-1.730e-02  9.668e-01  2.551e-01  1.000e-04]
 [ 9.420e-02 -2.524e-01  9.630e-01  1.634e-01]
 [ 0.000e+00  0.000e+00  0.000e+00  1.000e+00]]
########    start to calc 2th cluster. cluster_unique=[0 1], label 0 num: 1358    ########
iteration:  1 / 4
could not find R : 5
most fitted inlier T`s num: 1358
iteration:  2 / 4
could not find R : 3
iteration:  3 / 4
could not find R : 3
iteration:  4 / 4
could not find R : 4
2`s n_inlier=1358
T=
[[ 0.999   0.0438 -0.0135  0.0312]
 [-0.0437  0.999   0.0054 -0.0326]
 [ 0.0138 -0.0048  0.9999 -0.0097]
 [ 0.      0.      0.      1.    ]]
The number of label 0 is smaller than sample size.

RANSAC finished
label unique: [1 2]
labels` inlier num: [   0. 5532. 1358.]

(189, 6890, 7)
fin
*******************************    frame 150 and 160  (16/18)     *****************************
########    start to calc 1th cluster. cluster_unique=[0], label 0 num: 6890    ########
iteration:  1 / 4
could not find R : 3
most fitted inlier T`s num: 6003
iteration:  2 / 4
could not find R : 3
iteration:  3 / 4
could not find R : 7
iteration:  4 / 4
could not find R : 6
1`s n_inlier=5952
T=
[[ 0.9987  0.0232  0.0464 -0.0031]
 [-0.0245  0.9993  0.028   0.0204]
 [-0.0457 -0.0291  0.9985 -0.0032]
 [ 0.      0.      0.      1.    ]]
########    start to calc 2th cluster. cluster_unique=[0 1], label 0 num: 938    ########
iteration:  1 / 4
could not find R : 9
most fitted inlier T`s num: 938
iteration:  2 / 4
could not find R : 8
iteration:  3 / 4
could not find R : 4
iteration:  4 / 4
could not find R : 2
2`s n_inlier=938
T=
[[ 0.9997  0.0024 -0.0235  0.0357]
 [ 0.0043  0.9598  0.2805  0.0422]
 [ 0.0232 -0.2806  0.9596  0.149 ]
 [ 0.      0.      0.      1.    ]]
The number of label 0 is smaller than sample size.

RANSAC finished
label unique: [1 2]
labels` inlier num: [   0. 5952.  938.]

(189, 6890, 7)
fin
*******************************    frame 160 and 170  (17/18)     *****************************
########    start to calc 1th cluster. cluster_unique=[0], label 0 num: 6890    ########
iteration:  1 / 4
could not find R : 2
most fitted inlier T`s num: 6890
iteration:  2 / 4
could not find R : 2
iteration:  3 / 4
could not find R : 4
iteration:  4 / 4
could not find R : 1
1`s n_inlier=6890
T=
[[ 9.999e-01 -1.570e-02  6.600e-03 -3.200e-03]
 [ 1.540e-02  9.991e-01  4.040e-02 -1.260e-02]
 [-7.300e-03 -4.030e-02  9.992e-01  3.000e-04]
 [ 0.000e+00  0.000e+00  0.000e+00  1.000e+00]]
The number of label 0 is smaller than sample size.

RANSAC finished
label unique: [1]
labels` inlier num: [   0. 6890.]

colors = 
[[1. 0. 0.]]
(189, 6890, 7)
fin
*******************************    frame 170 and 180  (18/18)     *****************************
########    start to calc 1th cluster. cluster_unique=[0], label 0 num: 6890    ########
iteration:  1 / 4
could not find R : 2
most fitted inlier T`s num: 6890
iteration:  2 / 4
could not find R : 6
iteration:  3 / 4
could not find R : 6
iteration:  4 / 4
could not find R : 5
1`s n_inlier=6890
T=
[[ 0.9975 -0.0338  0.0622 -0.0176]
 [ 0.033   0.9994  0.0132 -0.0017]
 [-0.0626 -0.0111  0.998  -0.0122]
 [ 0.      0.      0.      1.    ]]
The number of label 0 is smaller than sample size.

RANSAC finished
label unique: [1]
labels` inlier num: [   0. 6890.]

(189, 6890, 7)
fin
time : 1242.9440097808838