n_frames=295
*******************************    frame 0 and 10  (1/29)     *****************************
########    start to calc 1th cluster. cluster_unique=[0], label 0 num: 6890    ########
iteration:  1 / 4
could not find R : 2
most fitted inlier T`s num: 6890
iteration:  2 / 4
could not find R : 2
iteration:  3 / 4
could not find R : 2
iteration:  4 / 4
could not find R : 2
クラスタラベル: [0 0 0 ... 0 0 0]
spatial label unique: [0]
1`s n_inlier=6890
T=
[[ 1.e+00  1.e-04  5.e-04  1.e-04]
 [-1.e-04  1.e+00  7.e-04  4.e-04]
 [-5.e-04 -7.e-04  1.e+00 -3.e-04]
 [ 0.e+00  0.e+00  0.e+00  1.e+00]]
The number of label 0 is smaller than sample size.

RANSAC finished
label unique: [1]
labels` inlier num: [   0. 6890.]

colors = 
[[1. 0. 0.]]
(295, 6890, 7)
fin
*******************************    frame 10 and 20  (2/29)     *****************************
########    start to calc 1th cluster. cluster_unique=[0], label 0 num: 6890    ########
iteration:  1 / 4
could not find R : 5
most fitted inlier T`s num: 6890
iteration:  2 / 4
could not find R : 5
iteration:  3 / 4
could not find R : 5
iteration:  4 / 4
could not find R : 5
クラスタラベル: [0 0 0 ... 0 0 0]
spatial label unique: [0]
1`s n_inlier=6890
T=
[[ 1.0e+00 -0.0e+00  2.2e-03  3.0e-04]
 [ 0.0e+00  1.0e+00 -6.0e-04  3.0e-04]
 [-2.2e-03  6.0e-04  1.0e+00  9.0e-04]
 [ 0.0e+00  0.0e+00  0.0e+00  1.0e+00]]
The number of label 0 is smaller than sample size.

RANSAC finished
label unique: [1]
labels` inlier num: [   0. 6890.]

(295, 6890, 7)
fin
*******************************    frame 20 and 30  (3/29)     *****************************
########    start to calc 1th cluster. cluster_unique=[0], label 0 num: 6890    ########
iteration:  1 / 4
could not find R : 5
most fitted inlier T`s num: 6890
iteration:  2 / 4
could not find R : 5
iteration:  3 / 4
could not find R : 5
iteration:  4 / 4
could not find R : 5
クラスタラベル: [0 0 0 ... 0 0 0]
spatial label unique: [0]
1`s n_inlier=6890
T=
[[ 1.0e+00  1.7e-03  3.0e-04 -0.0e+00]
 [-1.7e-03  1.0e+00 -3.4e-03  2.0e-03]
 [-3.0e-04  3.4e-03  1.0e+00  4.6e-03]
 [ 0.0e+00  0.0e+00  0.0e+00  1.0e+00]]
The number of label 0 is smaller than sample size.

RANSAC finished
label unique: [1]
labels` inlier num: [   0. 6890.]

(295, 6890, 7)
fin
*******************************    frame 30 and 40  (4/29)     *****************************
########    start to calc 1th cluster. cluster_unique=[0], label 0 num: 6890    ########
iteration:  1 / 4
could not find R : 2
most fitted inlier T`s num: 3518
iteration:  2 / 4
could not find R : 2
iteration:  3 / 4
could not find R : 2
iteration:  4 / 4
could not find R : 2
クラスタラベル: [0 0 0 ... 0 0 0]
spatial label unique: [0]
1`s n_inlier=3403
T=
[[ 0.996  -0.006  -0.0889  0.0214]
 [-0.0017  0.9963 -0.0862 -0.0265]
 [ 0.0891  0.086   0.9923 -0.0554]
 [ 0.      0.      0.      1.    ]]
########    start to calc 2th cluster. cluster_unique=[0 1], label 0 num: 3487    ########
iteration:  1 / 4
could not find R : 4
most fitted inlier T`s num: 1115
iteration:  2 / 4
could not find R : 4
iteration:  3 / 4
could not find R : 4
iteration:  4 / 4
could not find R : 4
クラスタラベル: [0 0 0 ... 0 0 0]
spatial label unique: [0]
2`s n_inlier=1083
T=
[[ 0.9941 -0.1063 -0.0205  0.1264]
 [ 0.1082  0.9813  0.1591  0.0833]
 [ 0.0032 -0.1604  0.9871  0.0088]
 [ 0.      0.      0.      1.    ]]
########    start to calc 3th cluster. cluster_unique=[0 1 2], label 0 num: 2404    ########
iteration:  1 / 4
could not find R : 4
most fitted inlier T`s num: 1049
iteration:  2 / 4
could not find R : 4
iteration:  3 / 4
could not find R : 4
iteration:  4 / 4
could not find R : 4
クラスタラベル: [0 0 0 ... 1 1 1]
spatial label unique: [0 1]
3`s n_inlier=1032
T=
[[ 0.9344  0.077  -0.3477 -0.0696]
 [ 0.0821  0.9034  0.4208  0.0898]
 [ 0.3465 -0.4218  0.8379  0.1184]
 [ 0.      0.      0.      1.    ]]
########    start to calc 4th cluster. cluster_unique=[0 1 2 3 4], label 0 num: 1372    ########
iteration:  1 / 4
could not find R : 1
most fitted inlier T`s num: 815
iteration:  2 / 4
could not find R : 1
iteration:  3 / 4
could not find R : 1
iteration:  4 / 4
could not find R : 1
クラスタラベル: [0 0 0 0 0 0 0 0 0 0 0 0 0 0 0 0 0 0 0 0 0 0 0 0 0 0 0 0 0 0 0 0 0 0 0 0 0
 0 0 0 0 0 0 0 0 0 0 0 0 0 0 0 0 0 0 0 0 0 0 0 0 0 0 0 0 0 0 0 0 0 0 0 0 0
 0 0 0 0 0 0 0 0 0 0 0 0 0 0 0 0 0 0 0 0 0 0 0 0 0 0 0 0 0 0 0 0 0 0 0 0 0
 0 0 0 0 0 0 0 0 0 0 0 0 0 0 0 0 0 0 0 0 0 0 0 0 0 0 0 0 0 0 0 0 0 0 0 0 0
 0 0 0 0 0 0 0 0 0 0 0 0 0 0 0 0 0 0 0 0 0 0 0 0 0 0 0 0 0 0 0 0 0 0 0 0 0
 0 0 0 0 0 0 0 0 0 0 0 0 0 0 0 0 0 0 0 0 0 0 0 0 0 0 0 0 0 0 0 0 0 0 0 0 0
 0 0 0 0 0 0 0 0 0 0 0 0 0 0 0 0 0 0 0 0 0 0 0 0 0 0 0 0 0 0 0 0 0 0 0 0 0
 0 0 0 0 0 0 0 0 0 0 0 0 0 0 0 0 0 0 0 0 0 0 0 0 0 0 0 0 0 0 0 0 0 0 0 0 0
 0 0 0 0 0 0 0 0 0 0 0 0 0 0 0 0 0 0 0 0 0 0 0 0 0 0 0 0 0 0 0 0 0 0 0 0 0
 0 0 0 0 0 0 0 0 0 0 0 0 0 0 0 0 0 0 0 0 0 0 0 0 0 0 0 0 0 0 0 0 0 0 0 0 0
 0 0 0 0 0 0 0 0 0 0 0 0 0 0 0 0 0 0 0 0 0 0 0 0 0 0 0 0 0 0 0 0 0 0 0 0 0
 0 0 0 0 0 0 0 0 0 0 0 0 0 0 0 0 0 0 0 0 0 0 0 0 0 0 0 0 0 0 0 0 0 0 0 0 0
 0 0 0 0 0 0 0 0 0 0 0 0 0 0 0 0 0 0 0 0 0 0 0 0 0 0 0 0 0 0 0 0 0 0 0 1 1
 1 1 1 1 1 1 1 1 1 1 1 1 1 1 1 1 1 1 1 1 1 1 1 1 1 1 1 1 1 1 1 1 1 1 1 1 1
 1 1 1 1 1 1 1 1 1 1 1 1 1 1 1 1 1 1 1 1 1 1 1 1 1 1 1 1 1 1 1 1 1 1 1 1 1
 1 1 1 1 1 1 1 1 1 1 1 1 1 1 1 1 1 1 1 1 1 1 1 1 1 1 1 1 1 1 1 1 1 1 1 1 1
 1 1 1 1 1 1 1 1 1 1 1 1 1 1 1 1 1 1 1 1 1 1 1 1 1 1 1 1 1 1 1 1 1 1 1 1 1
 1 1 1 1 1 1 1 1 1 1 1 1 1 1 1 1 1 1 1 1 1 1 1 1 1 1 1 1 1 1 1 1 1 1 1 1 1
 1 1 1 1 1 1 1 1 1 1 1 1 1 1 1 1 1 1 1 1 1 1 1 1 1 1 1 1 1 1 1 1 1 1 1 1 1
 1 1 1 1 1 1 1 1 1 1 1 1 1 1 1 1 1 1 1 1 1 1 1 1 1 1 1 1 1 1 1 1 1 1 1 1 1
 1 1 1 1 1 1 1 1 1 1 1 1 1 1 1 1 1 1 1 1 1 1 1 1 1 1 1 1 1 1 1 1 1 1 1 1 1
 1 1 1 1 1 1 1 1 1 1 1 1 1 1 1]
spatial label unique: [0 1]
5`s n_inlier=792
T=
[[ 0.9985  0.0551  0.0046  0.0324]
 [-0.0532  0.9798 -0.1926 -0.0354]
 [-0.0152  0.1921  0.9813  0.1136]
 [ 0.      0.      0.      1.    ]]
########    start to calc 5th cluster. cluster_unique=[0 1 2 3 4 5 6], label 0 num: 580    ########
iteration:  1 / 4
could not find R : 6
most fitted inlier T`s num: 335
iteration:  2 / 4
could not find R : 6
iteration:  3 / 4
could not find R : 6
iteration:  4 / 4
could not find R : 6
クラスタラベル: [0 0 0 0 0 0 0 0 0 0 0 0 0 0 0 0 0 0 0 0 0 0 0 0 0 0 0 0 0 0 0 0 0 0 0 0 0
 0 0 0 0 0 0 0 0 0 0 0 0 0 0 0 0 0 0 0 0 0 0 0 0 0 0 0 0 0 0 0 0 0 0 0 0 0
 0 0 0 0 0 0 0 0 0 0 0 0 0 0 0 0 0 0 0 0 0 0 0 0 0 0 0 0 0 0 0 0 0 0 0 0 0
 0 0 0 0 0 0 0 0 0 0 0 0 0 0 0 0 0 0 0 0 0 0 0 0 0 0 0 0 0 0 0 0 0 0 0 0 0
 0 0 0 0 0 0 0 0 0 0 0 0 0 0 0 0 0 0 0 0 0 0 0 0 0 0 0 0 0 0 0 0 0 0 0 0 0
 0 0 0 0 0 0 0 0 0 0 0 0 0 0 0 0 0 0 0 0 0 0 0 0 0 0 0 0 0 0 0 0 0 0 0 0 0
 0 0 0 0 0 0 0 0 0 0 0 0 0 0 0 0 0 0 0 0 0 0 0 0 0 0 0 0 0 0 0 0 0 0 0 0 0
 0 0 0 0 0 0 0 0 0 0 0 0 0 0 0 0 0 0 0 0 0 0 0 0 0 0 0 0 0 0 0 0 0 0 0 0 0
 0 0 0 0 0 0 0 0 0 0 0 0 0 0 0 0 0 0 0 0 0 0 0 0 0 0 0 0 0]
spatial label unique: [0]
7`s n_inlier=325
T=
[[ 0.9979  0.0325  0.056   0.0295]
 [-0.0518  0.9198  0.389   0.0671]
 [-0.0389 -0.391   0.9196  0.0731]
 [ 0.      0.      0.      1.    ]]
########    start to calc 6th cluster. cluster_unique=[0 1 2 3 4 5 6 7], label 0 num: 255    ########
iteration:  1 / 4
could not find R : 7
most fitted inlier T`s num: 138
iteration:  2 / 4
could not find R : 7
iteration:  3 / 4
could not find R : 7
iteration:  4 / 4
could not find R : 7
クラスタラベル: [0 0 0 0 0 0 0 0 0 0 0 0 0 0 0 0 0 0 0 0 0 0 0 0 0 0 0 0 0 0 0 0 0 0 0 0 0
 0 0 0 0 0 0 0 0 0 0 0 0 0 0 0 0 0 0 0 0 0 0 0 0 0 0 0 0 0 0 0 0 0 0 0 0 0
 0 0 0 0 0 0 0 0 0 0 0 0 0 0 0 0 0 0 0 0 0 0 0 0 0 0 0 0 0 0 0 0 0 0 0 0 0
 0 0 0 0 0 0 0 0 0 0 0 0 0 0 0 0 0 0 0 0 0]
spatial label unique: [0]
8`s n_inlier=132
T=
[[ 0.9982  0.0285 -0.0522 -0.0219]
 [-0.0394  0.9745 -0.2211 -0.0456]
 [ 0.0445  0.2227  0.9739  0.1579]
 [ 0.      0.      0.      1.    ]]
########    start to calc 7th cluster. cluster_unique=[0 1 2 3 4 5 6 7 8], label 0 num: 123    ########
iteration:  1 / 4
could not find R : 4
most fitted inlier T`s num: 100
iteration:  2 / 4
could not find R : 4
iteration:  3 / 4
could not find R : 4
iteration:  4 / 4
could not find R : 4
クラスタラベル: [-1 -1  0  0  0  0  0  0  0  0  0  0  0  0  0  0  0  0  0  0  0 -1 -1 -1
  0  0  0  0  0  0  0  0  0  0  0  0  0  0  0  0  0  0  0  0  0  0  0  0
  0  0  0  0  0  0  0  0  0  0  0  0  0  0  0  0  0  0  0  0  0  0  0  0
  0  0  0  0  0  0  0  0  0  0  0  0  0  0  0  0  0  0  0  0  0  0  0  0
  0]
spatial label unique: [-1  0]
9`s n_inlier=97
T=
[[ 0.9866  0.0382 -0.1585 -0.0089]
 [-0.0404  0.9991 -0.0105 -0.0045]
 [ 0.1579  0.0167  0.9873 -0.0232]
 [ 0.      0.      0.      1.    ]]
########    start to calc 8th cluster. cluster_unique=[-1  0  1  2  3  4  5  6  7  8  9], label 0 num: 26    ########
iteration:  1 / 4
could not find R : 6
most fitted inlier T`s num: 16
iteration:  2 / 4
could not find R : 6
iteration:  3 / 4
could not find R : 6
iteration:  4 / 4
could not find R : 6
クラスタラベル: [0 0 0 0 0 0 0 0 0 0 0 0 0 0]
spatial label unique: [0]
10`s n_inlier=14
T=
[[ 0.9837  0.1659  0.0692  0.0037]
 [-0.1797  0.9046  0.3866  0.059 ]
 [ 0.0015 -0.3928  0.9196  0.0879]
 [ 0.      0.      0.      1.    ]]
########    start to calc 9th cluster. cluster_unique=[-1  0  1  2  3  4  5  6  7  8  9 10], label 0 num: 12    ########
iteration:  1 / 4
could not find R : 3
most fitted inlier T`s num: 12
iteration:  2 / 4
could not find R : 3
iteration:  3 / 4
could not find R : 3
iteration:  4 / 4
could not find R : 3
クラスタラベル: [ 0  0  0  0  0  0  0  0  0 -1 -1 -1]
spatial label unique: [-1  0]
11`s n_inlier=12
T=
[[ 0.9996  0.0259 -0.0077  0.0396]
 [-0.0221  0.9472  0.3197  0.06  ]
 [ 0.0156 -0.3195  0.9475  0.059 ]
 [ 0.      0.      0.      1.    ]]
The number of label 0 is smaller than sample size.

RANSAC finished
label unique: [ 0  1  2  3  4  5  6  7  8  9 10 11]
labels` inlier num: [   8. 3403. 1083. 1032.  792.  325.  132.   97.   14.   12.]

colors = 
[[1.  0.  0. ]
 [1.  0.5 0. ]
 [1.  1.  0. ]
 [0.5 1.  0. ]
 [0.  1.  0. ]
 [0.  1.  0.5]
 [0.  1.  1. ]
 [0.  0.5 1. ]
 [0.  0.  1. ]
 [0.5 0.  1. ]
 [1.  0.  1. ]
 [1.  0.  0.5]]
(295, 6890, 7)
fin
*******************************    frame 40 and 50  (5/29)     *****************************
########    start to calc 1th cluster. cluster_unique=[0], label 0 num: 6890    ########
iteration:  1 / 4
could not find R : 4
most fitted inlier T`s num: 3350
iteration:  2 / 4
could not find R : 4
iteration:  3 / 4
could not find R : 4
iteration:  4 / 4
could not find R : 4
クラスタラベル: [0 0 0 ... 0 0 0]
spatial label unique: [0 1]
1`s n_inlier=3285
T=
[[ 0.9996  0.0016 -0.0276 -0.0063]
 [-0.0026  0.9994 -0.0354  0.0595]
 [ 0.0276  0.0354  0.999  -0.0241]
 [ 0.      0.      0.      1.    ]]
########    start to calc 2th cluster. cluster_unique=[0 1 2], label 0 num: 3605    ########
iteration:  1 / 4
could not find R : 6
most fitted inlier T`s num: 1308
iteration:  2 / 4
could not find R : 6
iteration:  3 / 4
could not find R : 6
iteration:  4 / 4
could not find R : 6
クラスタラベル: [0 0 0 ... 0 0 0]
spatial label unique: [0]
3`s n_inlier=1294
T=
[[ 0.9541 -0.2992  0.0144  0.2261]
 [ 0.2685  0.8326 -0.4844  0.1721]
 [ 0.1329  0.4661  0.8747 -0.3836]
 [ 0.      0.      0.      1.    ]]
########    start to calc 3th cluster. cluster_unique=[0 1 2 3], label 0 num: 2311    ########
iteration:  1 / 4
could not find R : 4
most fitted inlier T`s num: 1004
iteration:  2 / 4
could not find R : 4
iteration:  3 / 4
could not find R : 4
iteration:  4 / 4
could not find R : 4
クラスタラベル: [0 0 0 0 0 0 0 0 0 0 0 0 0 0 0 0 0 0 0 0 0 0 0 0 0 0 0 0 0 0 0 0 0 0 0 0 0
 0 0 0 0 0 0 0 0 0 0 0 0 0 0 0 0 0 0 0 0 0 0 0 0 0 0 0 0 0 0 0 0 0 0 0 0 0
 0 0 0 0 0 0 0 0 0 0 0 0 0 0 0 0 0 0 0 0 0 0 0 0 0 0 0 0 0 0 0 0 0 0 0 0 0
 0 0 0 0 0 0 0 0 0 0 0 0 0 0 0 0 0 0 0 0 0 0 0 0 0 0 0 0 0 0 0 0 0 0 0 0 0
 0 0 0 0 0 0 0 0 0 0 0 0 0 0 0 0 0 0 0 0 0 0 0 0 0 0 0 0 0 0 0 0 0 0 0 0 0
 0 0 0 0 0 0 0 0 0 0 0 0 0 0 0 0 0 0 0 0 0 0 0 0 0 0 0 0 0 0 0 0 0 0 0 0 0
 0 0 0 0 0 0 0 0 0 0 0 0 0 0 0 0 0 0 0 0 0 0 0 0 0 0 0 0 0 0 0 0 0 0 0 0 0
 0 0 0 0 0 0 0 0 0 0 0 0 0 0 0 0 0 0 0 0 0 0 0 0 0 0 0 0 0 0 0 0 0 0 0 0 0
 0 0 0 0 0 0 0 0 0 0 0 0 0 0 0 0 0 0 0 0 0 0 0 0 0 0 0 0 0 0 0 0 0 0 0 0 0
 0 0 0 0 0 0 0 0 0 0 0 0 0 0 0 0 0 0 0 0 0 0 0 0 0 0 0 0 0 0 0 0 0 0 0 0 0
 0 0 0 0 0 0 0 0 0 0 0 0 0 0 0 0 0 0 0 0 0 0 0 0 0 0 0 0 0 0 0 0 0 0 0 0 0
 0 0 0 0 0 0 0 0 0 0 0 0 0 0 0 0 0 0 0 0 0 0 0 0 0 0 0 0 0 0 0 0 0 0 0 0 0
 0 0 0 0 0 0 0 0 0 0 0 0 0 0 0 0 0 0 0 0 0 0 0 0 0 0 0 0 0 0 0 0 0 0 0 0 0
 0 0 0 0 0 0 0 0 0 0 0 0 0 0 0 0 0 0 0 0 0 0 0 0 0 0 0 0 0 0 0 0 0 0 0 0 0
 0 0 0 0 0 0 0 0 0 0 0 0 0 0 0 0 0 0 0 0 0 0 0 0 0 0 0 0 0 0 0 0 0 0 0 0 0
 0 0 0 0 0 0 0 0 0 0 0 0 0 0 0 0 0 0 0 0 0 0 0 0 0 0 0 0 0 0 0 0 0 0 0 0 0
 0 0 0 0 0 0 0 0 0 0 0 0 0 0 0 0 0 0 0 0 0 0 0 0 0 0 0 0 0 0 0 0 0 0 0 0 0
 0 0 0 0 0 0 0 0 0 0 0 0 0 0 0 0 0 0 0 0 0 0 0 0 0 0 0 0 0 0 0 0 0 0 0 0 0
 0 0 0 0 0 0 0 0 0 0 0 0 0 0 0 0 0 0 0 0 0 0 0 0 0 0 0 0 0 0 0 0 0 0 0 0 0
 0 0 0 0 0 0 0 0 0 0 0 0 0 0 0 0 0 0 0 0 0 0 0 0 0 0 0 0 0 0 0 0 0 0 0 0 0
 0 0 0 0 0 0 0 0 0 0 0 0 0 0 0 0 0 0 0 0 0 0 0 0 0 0 0 0 0 0 0 0 0 0 0 0 0
 0 0 0 0 0 0 0 0 0 0 0 0 0 0 0 0 0 0 0 0 0 0 0 0 0 0 0 0 0 0 0 0 0 0 0 0 0
 0 0 0 0 0 0 0 0 0 0 0 0 0 0 0 0 0 0 0 0 0 0 0 0 0 0 0 0 0 0 0 0 0 0 0 0 0
 0 0 0 0 0 0 0 0 0 0 0 0 0 0 0 0 0 0 0 0 0 0 0 0 0 0 0 0 0 0 0 0 0 0 0 0 0
 0 0 0 0 0 0 0 0 0 0 0 0 0 0 0 0 0 0 0 0 0 0 0 0 0 0 0 0 0 0 0 0 0 0 0 0 0
 0 0 0 0 0 0 0 0 0 0 0 0 0 0 0 0 0 0 0 0 0 0 0 0 0 0 0 0 0 1 1 1 1 1 1 1]
spatial label unique: [0 1]
4`s n_inlier=961
T=
[[ 0.8558  0.3813 -0.3495 -0.2281]
 [ 0.0403  0.6246  0.7799  0.4013]
 [ 0.5157 -0.6816  0.5191  0.0938]
 [ 0.      0.      0.      1.    ]]
########    start to calc 4th cluster. cluster_unique=[0 1 2 3 4 5], label 0 num: 1350    ########
iteration:  1 / 4
could not find R : 6
most fitted inlier T`s num: 505
iteration:  2 / 4
could not find R : 6
iteration:  3 / 4
could not find R : 6
iteration:  4 / 4
could not find R : 6
クラスタラベル: [0 0 0 0 0 0 0 0 0 0 0 0 0 0 0 0 0 0 0 0 0 0 0 0 0 0 0 0 0 0 0 0 0 0 0 0 0
 0 0 0 0 0 0 0 0 0 0 0 0 0 0 0 0 0 0 0 0 0 0 0 0 0 0 0 0 0 0 0 0 0 0 0 0 0
 0 0 0 0 0 0 0 0 0 0 0 0 0 0 0 0 0 0 0 0 0 0 0 0 0 0 0 0 0 0 0 0 0 0 0 0 0
 0 0 0 0 0 0 0 0 0 0 0 0 0 0 0 0 0 0 0 0 0 0 0 0 0 0 0 0 0 0 0 0 0 0 0 0 0
 0 0 0 0 0 0 0 0 0 0 0 0 0 0 0 0 0 0 0 0 0 0 0 0 0 0 0 0 0 0 0 0 0 0 0 0 0
 0 0 0 0 0 0 0 0 0 0 0 0 0 0 0 0 0 0 0 0 0 0 0 0 0 0 0 0 0 0 0 0 0 0 0 0 0
 0 0 0 0 0 0 0 0 0 0 0 0 0 0 0 0 0 0 0 0 0 0 0 0 0 0 0 0 0 0 0 0 0 0 0 0 0
 0 0 0 0 0 0 0 0 0 0 0 0 0 0 0 0 0 0 0 0 0 0 0 0 0 0 0 0 0 0 0 0 0 0 0 0 0
 0 0 0 0 0 0 0 0 0 0 0 0 0 0 0 0 0 0 0 0 0 0 0 0 0 0 0 0 0 0 0 0 0 0 0 0 0
 0 0 0 0 0 0 0 0 0 0 0 0 0 0 0 0 0 0 0 0 0 0 0 0 0 0 0 0 0 0 0 0 0 0 0 0 0
 0 0 0 0 0 0 0 0 0 0 0 0 0 0 0 0 0 0 0 0 0 0 0 0 0 0 0 0 0 0 0 0 0 0 0 0 0
 0 0 0 0 0 0 0 0 0 0 0 0 0 0 0 0 0 0 0 0 0 0 0 0 0 0 0 0 0 0 0 0 0 0 0 0 0
 0 0 0 0 0 0 0 0 0 0 0 0 0 0 0 0 0 0 0 0 0 0 0 0 0 0 0 0 0 0 0 0 0 0 0 0 0
 0 0 0 0 0 0 0 0 0]
spatial label unique: [0]
6`s n_inlier=490
T=
[[ 0.9992 -0.019   0.034  -0.0125]
 [ 0.016   0.9963  0.0844  0.0322]
 [-0.0355 -0.0838  0.9958 -0.0417]
 [ 0.      0.      0.      1.    ]]
########    start to calc 5th cluster. cluster_unique=[0 1 2 3 4 5 6], label 0 num: 860    ########
iteration:  1 / 4
could not find R : 6
most fitted inlier T`s num: 401
iteration:  2 / 4
could not find R : 6
iteration:  3 / 4
could not find R : 6
iteration:  4 / 4
could not find R : 6
クラスタラベル: [0 0 0 0 0 0 0 0 0 0 0 0 0 0 0 0 0 0 0 0 0 0 0 0 0 0 0 0 0 0 0 0 0 0 0 0 0
 0 0 0 0 0 0 0 0 0 0 0 0 0 0 0 0 0 0 0 0 0 0 0 0 0 0 0 0 0 0 0 0 0 0 0 0 0
 0 0 0 0 0 0 0 0 0 0 0 0 0 0 0 0 0 0 0 0 0 0 0 0 0 0 0 0 0 0 0 0 0 0 0 0 0
 0 0 0 0 0 0 0 0 0 0 0 0 0 0 0 0 0 0 0 0 0 0 0 0 0 0 0 0 0 0 0 0 0 0 0 0 0
 0 0 0 0 0 0 0 0 0 0 0 0 0 0 0 0 0 0 0 0 0 0 0 0 0 0 0 0 0 0 0 0 0 0 0 0 0
 0 0 0 0 0 0 0 0 0 0 0 0 0 0 0 0 0 0 0 0 0 0 0 0 0 0 0 0 0 0 0 0 0 0 0 0 0
 0 0 0 0 0 0 0 0 0 0 0 0 0 0 0 0 0 0 0 0 0 0 0 0 0 0 0 0 0 0 0 0 0 0 0 0 0
 0 0 0 0 0 0 0 0 0 0 0 0 0 0 0 0 0 0 0 0 0 0 0 0 0 0 0 0 0 0 0 0 0 0 0 0 0
 0 0 0 0 0 0 0 0 0 0 0 0 0 0 0 0 0 0 0 0 0 0 0 0 0 0 0 0 0 0 0 0 0 0 0 0 0
 0 0 0 0 0 0 0 0 0 0 0 0 0 0 0 0 0 0 0 0 0 0 0 0 0 0 0 0 0 0 0 0 0 0 0 0 0
 0 0 0 0 0 0 0]
spatial label unique: [0]
7`s n_inlier=377
T=
[[ 0.993  -0.1171  0.0182 -0.0033]
 [ 0.117   0.944  -0.3084  0.103 ]
 [ 0.0189  0.3084  0.9511  0.1617]
 [ 0.      0.      0.      1.    ]]
########    start to calc 6th cluster. cluster_unique=[0 1 2 3 4 5 6 7], label 0 num: 483    ########
iteration:  1 / 4
could not find R : 4
most fitted inlier T`s num: 285
iteration:  2 / 4
could not find R : 4
iteration:  3 / 4
could not find R : 4
iteration:  4 / 4
could not find R : 4
クラスタラベル: [0 0 0 0 0 0 0 0 0 0 0 0 0 0 0 0 0 0 0 0 0 0 0 0 0 0 0 0 0 0 0 0 0 0 0 0 0
 0 0 0 0 0 0 0 0 0 0 0 0 0 0 0 0 0 0 0 0 0 0 0 0 0 0 0 0 0 0 0 0 0 0 0 0 0
 0 0 0 0 0 0 0 0 0 0 0 0 0 0 0 0 0 0 0 0 0 0 0 0 0 0 0 0 0 0 0 0 0 0 0 0 0
 0 0 0 0 0 0 0 0 0 0 0 0 0 0 0 0 0 0 0 0 0 0 0 0 0 0 0 0 0 0 0 0 0 0 0 0 0
 0 0 0 0 0 0 0 0 0 0 0 0 0 0 0 0 0 0 0 0 0 0 0 0 0 0 0 0 0 0 0 0 0 0 0 0 0
 0 0 0 0 0 0 0 0 0 0 0 0 0 0 0 0 0 0 0 0 0 0 0 0 0 0 0 0 0 0 0 0 0 0 0 0 0
 0 0 0 0 0 0 0 0 0 0 0 0 0 0 0 0 0 0 0 0 0 0 0 0 0 0 0 0 0 0 0 0 0 0 0 0 0
 0 0 0 0 0 0 0 0 0 0 0 0 0 0 0 0 0 0 0]
spatial label unique: [0]
8`s n_inlier=278
T=
[[ 0.9879  0.0203  0.1539  0.0181]
 [-0.0503  0.9797  0.1939  0.1193]
 [-0.1469 -0.1993  0.9689  0.0672]
 [ 0.      0.      0.      1.    ]]
########    start to calc 7th cluster. cluster_unique=[0 1 2 3 4 5 6 7 8], label 0 num: 205    ########
iteration:  1 / 4
could not find R : 5
most fitted inlier T`s num: 81
iteration:  2 / 4
could not find R : 5
iteration:  3 / 4
could not find R : 5
iteration:  4 / 4
could not find R : 5
クラスタラベル: [0 0 0 0 0 0 0 0 0 0 1 1 1 1 1 1 1 1 1 1 1 1 1 1 1 1 1 1 1 1 1 1 1 1 1 1 1
 1 1 1 1 1 1 1 1 1 1 1 1 1 1 1 1 1 1 1 1 1 1 1 1 1 1 1 1 1 1 1 1 1 1 1 1 1
 1 1 1 1 1]
spatial label unique: [0 1]
9`s n_inlier=79
T=
[[ 0.9983 -0.0555  0.0164  0.0318]
 [ 0.0562  0.9975 -0.0422  0.0988]
 [-0.014   0.043   0.999  -0.0293]
 [ 0.      0.      0.      1.    ]]
########    start to calc 8th cluster. cluster_unique=[ 0  1  2  3  4  5  6  7  8  9 10], label 0 num: 126    ########
iteration:  1 / 4
could not find R : 3
most fitted inlier T`s num: 54
iteration:  2 / 4
could not find R : 3
iteration:  3 / 4
could not find R : 3
iteration:  4 / 4
could not find R : 3
クラスタラベル: [0 0 0 0 0 0 0 0 0 0 0 0 0 0 0 1 1 1 1 1 1 1 1 1 1 1 1 1 1 1 1 1 1 1 1 1 1
 1 1 1 2 2 2 2 2 2 2 2 2 2 2 2 2 2]
spatial label unique: [0 1 2]
11`s n_inlier=54
T=
[[ 0.9987  0.0263 -0.0439 -0.031 ]
 [-0.0286  0.9982 -0.0527  0.0778]
 [ 0.0424  0.0539  0.9976 -0.0538]
 [ 0.      0.      0.      1.    ]]
########    start to calc 9th cluster. cluster_unique=[ 0  1  2  3  4  5  6  7  8  9 10 11 12 13], label 0 num: 72    ########
iteration:  1 / 4
could not find R : 6
most fitted inlier T`s num: 48
iteration:  2 / 4
could not find R : 6
iteration:  3 / 4
could not find R : 6
iteration:  4 / 4
could not find R : 6
クラスタラベル: [0 0 0 0 0 0 0 0 0 0 0 0 0 0 0 0 0 0 0 0 0 0 0 0 0 0 0 0 0 0 0 0 0 0 0 0 0
 0 0 0 0 0 0 0 0 0 0 0]
spatial label unique: [0]
14`s n_inlier=48
T=
[[ 0.2592  0.8804 -0.3971 -0.066 ]
 [-0.3533  0.4691  0.8094  0.6318]
 [ 0.8989 -0.0695  0.4326 -0.2368]
 [ 0.      0.      0.      1.    ]]
########    start to calc 10th cluster. cluster_unique=[ 0  1  2  3  4  5  6  7  8  9 10 11 12 13 14], label 0 num: 24    ########
iteration:  1 / 4
could not find R : 6
most fitted inlier T`s num: 23
iteration:  2 / 4
could not find R : 6
iteration:  3 / 4
could not find R : 6
iteration:  4 / 4
could not find R : 6
クラスタラベル: [0 0 0 0 0 0 0 0 0 0 0 0 0 0 0 0 0 0 0 0]
spatial label unique: [0]
15`s n_inlier=20
T=
[[ 0.9691  0.2001 -0.1444  0.1211]
 [-0.2255  0.9559 -0.1882  0.0217]
 [ 0.1004  0.2149  0.9715  0.0953]
 [ 0.      0.      0.      1.    ]]
########    start to calc 11th cluster. cluster_unique=[ 0  1  2  3  4  5  6  7  8  9 10 11 12 13 14 15], label 0 num: 4    ########
iteration:  1 / 4
could not find R : 5
most fitted inlier T`s num: 3
iteration:  2 / 4
could not find R : 5
iteration:  3 / 4
could not find R : 5
iteration:  4 / 4
could not find R : 5
クラスタラベル: [-1 -1 -1]
spatial label unique: [-1]
16`s n_inlier=3
T=
[[ 0.993  -0.1184  0.0038 -0.0025]
 [ 0.1016  0.8345 -0.5415 -0.0103]
 [ 0.061   0.5381  0.8407  0.2705]
 [ 0.      0.      0.      1.    ]]
The number of label 0 is smaller than sample size.

RANSAC finished
label unique: [ 0  1  2  3  4  5  6  7  8  9 10 11 12 13 14 15]
labels` inlier num: [4.000e+00 3.285e+03 1.294e+03 9.610e+02 4.900e+02 3.770e+02 2.780e+02
 7.900e+01 5.400e+01 4.800e+01 2.000e+01 3.000e+00]

colors = 
[[1.    0.    0.   ]
 [1.    0.375 0.   ]
 [1.    0.75  0.   ]
 [0.875 1.    0.   ]
 [0.5   1.    0.   ]
 [0.125 1.    0.   ]
 [0.    1.    0.25 ]
 [0.    1.    0.625]
 [0.    1.    1.   ]
 [0.    0.625 1.   ]
 [0.    0.25  1.   ]
 [0.125 0.    1.   ]
 [0.5   0.    1.   ]
 [0.875 0.    1.   ]
 [1.    0.    0.75 ]
 [1.    0.    0.375]]
(295, 6890, 7)
fin
*******************************    frame 50 and 60  (6/29)     *****************************
########    start to calc 1th cluster. cluster_unique=[0], label 0 num: 6890    ########
iteration:  1 / 4
could not find R : 4
most fitted inlier T`s num: 2875
iteration:  2 / 4
could not find R : 4
iteration:  3 / 4
could not find R : 4
iteration:  4 / 4
could not find R : 4
クラスタラベル: [0 0 0 ... 0 0 0]
spatial label unique: [0]
1`s n_inlier=2847
T=
[[ 0.9672 -0.0552  0.2478  0.033 ]
 [ 0.0648  0.9974 -0.0307 -0.0093]
 [-0.2454  0.0457  0.9683 -0.0444]
 [ 0.      0.      0.      1.    ]]
########    start to calc 2th cluster. cluster_unique=[0 1], label 0 num: 4043    ########
iteration:  1 / 4
could not find R : 4
most fitted inlier T`s num: 1079
iteration:  2 / 4
could not find R : 4
iteration:  3 / 4
could not find R : 4
iteration:  4 / 4
could not find R : 4
クラスタラベル: [0 0 0 ... 1 1 1]
spatial label unique: [0 1]
2`s n_inlier=1057
T=
[[ 0.9364 -0.1225  0.3288  0.0856]
 [-0.2805  0.3017  0.9112  0.6883]
 [-0.2108 -0.9455  0.2482  0.5533]
 [ 0.      0.      0.      1.    ]]
########    start to calc 3th cluster. cluster_unique=[0 1 2 3], label 0 num: 2986    ########
iteration:  1 / 4
could not find R : 6
most fitted inlier T`s num: 1025
iteration:  2 / 4
could not find R : 6
iteration:  3 / 4
could not find R : 6
iteration:  4 / 4
could not find R : 6
クラスタラベル: [0 0 0 ... 0 0 0]
spatial label unique: [0]
4`s n_inlier=1006
T=
[[ 0.8814  0.3226  0.3449 -0.1805]
 [ 0.3546  0.0303 -0.9345  0.314 ]
 [-0.312   0.946  -0.0877 -0.7895]
 [ 0.      0.      0.      1.    ]]
########    start to calc 4th cluster. cluster_unique=[0 1 2 3 4], label 0 num: 1980    ########
iteration:  1 / 4
could not find R : 6
most fitted inlier T`s num: 466
iteration:  2 / 4
could not find R : 6
iteration:  3 / 4
could not find R : 6
iteration:  4 / 4
could not find R : 6
クラスタラベル: [0 0 0 0 0 0 0 0 0 0 0 0 0 0 0 0 0 0 0 0 0 0 0 0 0 0 0 0 0 0 0 0 0 0 0 0 0
 0 0 0 0 0 0 0 0 0 0 0 0 0 0 0 0 0 0 0 0 0 0 0 0 0 0 0 0 0 0 0 0 0 0 0 0 0
 0 0 0 0 0 0 0 0 0 0 0 0 0 0 0 0 0 0 0 0 0 0 0 0 0 0 0 0 0 0 0 0 0 0 0 0 0
 0 0 0 0 0 0 0 0 0 0 0 0 0 0 0 0 0 0 0 0 0 0 0 0 0 0 0 0 0 0 0 0 0 0 0 0 0
 0 0 0 0 0 0 0 0 0 0 0 0 0 0 0 0 0 0 0 0 0 0 0 0 0 0 0 0 0 0 0 0 0 0 0 0 0
 0 0 0 0 0 0 0 0 0 0 0 0 0 0 0 0 0 0 0 0 0 0 0 0 0 0 0 0 0 0 0 0 0 0 0 0 0
 0 0 0 0 0 0 0 0 0 0 0 0 0 0 0 0 0 0 0 0 0 0 0 0 0 0 0 0 0 0 0 0 0 0 0 0 0
 0 0 0 0 0 0 0 0 0 0 0 0 0 0 0 0 0 0 0 0 0 0 0 0 0 0 0 0 0 0 0 0 0 0 0 0 0
 0 0 0 0 0 0 0 0 0 0 0 0 0 0 0 0 0 0 0 0 0 0 0 0 0 0 0 0 0 0 0 0 0 0 0 0 0
 0 0 0 0 0 0 0 0 0 0 0 0 0 0 0 0 0 0 0 0 0 0 0 0 0 0 0 0 0 0 0 0 0 0 0 0 0
 0 0 0 0 0 0 0 0 0 0 0 0 0 0 0 0 0 0 0 0 0 0 0 0 0 0 0 0 0 0 0 0 0 0 0 0 0
 0 0 0 0 0 0 0 0 0 0 0 0 0 0 0 0 0 0 0 0 0 0 0 0 0 0 0 0 0 0 0 0 0 0 0 0 0
 0 0 0 0 0 0 0 0 0 0 0 0 0]
spatial label unique: [0]
5`s n_inlier=457
T=
[[ 0.9643 -0.1789  0.1953  0.0305]
 [ 0.1085  0.9395  0.3248 -0.0877]
 [-0.2416 -0.292   0.9254 -0.1909]
 [ 0.      0.      0.      1.    ]]
########    start to calc 5th cluster. cluster_unique=[0 1 2 3 4 5], label 0 num: 1523    ########
iteration:  1 / 4
could not find R : 5
most fitted inlier T`s num: 440
iteration:  2 / 4
could not find R : 5
iteration:  3 / 4
could not find R : 5
iteration:  4 / 4
could not find R : 5
クラスタラベル: [0 0 0 0 0 0 0 0 0 0 0 0 0 0 0 0 0 0 0 0 0 0 0 0 0 0 0 0 0 0 0 0 0 0 0 0 0
 0 0 0 0 0 0 0 0 0 0 0 0 0 0 0 0 0 0 0 0 0 0 0 0 0 0 0 0 0 0 0 0 0 0 0 0 0
 0 0 0 0 0 0 0 0 0 0 0 0 0 0 0 0 0 0 0 0 0 0 0 0 0 0 0 0 0 0 0 0 0 0 0 0 0
 0 0 0 0 0 0 0 0 0 0 0 0 0 0 0 0 0 0 0 0 0 0 0 0 0 0 0 0 0 0 0 0 0 0 0 0 0
 0 0 0 0 0 0 0 0 0 0 0 0 0 0 0 0 0 0 0 0 0 0 0 0 0 0 0 0 0 0 0 0 0 0 0 0 0
 0 0 0 0 0 0 0 0 0 0 0 0 0 0 0 0 0 0 0 0 0 0 0 0 0 0 0 0 0 0 0 0 0 0 0 0 0
 0 0 0 0 0 0 0 0 0 0 0 0 0 0 0 0 0 0 0 0 0 0 0 0 0 0 0 0 0 0 0 0 0 0 0 0 0
 0 0 0 0 0 0 0 0 0 0 0 0 0 0 0 0 0 0 0 0 0 0 0 0 0 0 0 0 0 0 0 0 0 0 0 0 0
 0 0 0 0 0 0 0 0 0 0 0 0 0 0 0 0 0 0 0 0 0 0 0 0 0 0 0 0 0 0 0 0 0 0 0 0 0
 0 0 0 0 0 0 0 0 0 0 0 0 0 0 0 0 0 0 0 0 0 0 0 0 0 0 0 0 0 0 0 0 0 0 0 0 0
 0 0 0 0 0 0 0 0 0 0 0 0 0 0 0 0 0 0 0 0 0 0 0 0 0 0 0 0 0 0 0 0 0 0 0 0 0
 0 0 0 0 0 0 0 0 0 0 0 0 0 0 0 0 0 0 0 0 0 0 0 0 0 0 0 0 0 0 0]
spatial label unique: [0]
6`s n_inlier=438
T=
[[ 0.9554  0.2612 -0.1375  0.0173]
 [-0.2828  0.6769 -0.6796  0.1471]
 [-0.0844  0.6882  0.7206  0.3248]
 [ 0.      0.      0.      1.    ]]
########    start to calc 6th cluster. cluster_unique=[0 1 2 3 4 5 6], label 0 num: 1085    ########
iteration:  1 / 4
could not find R : 5
most fitted inlier T`s num: 322
iteration:  2 / 4
could not find R : 5
iteration:  3 / 4
could not find R : 5
iteration:  4 / 4
could not find R : 5
クラスタラベル: [0 0 0 0 0 0 0 0 0 0 0 0 0 0 0 0 0 0 0 0 0 0 0 0 0 0 0 0 0 0 0 0 0 0 0 0 0
 0 0 0 0 0 0 0 0 0 0 0 1 1 1 1 1 1 1 1 1 1 1 1 1 1 1 1 1 1 1 1 1 1 1 1 1 1
 1 1 1 1 1 1 1 1 1 1 1 1 1 1 1 1 1 1 1 1 1 1 1 1 1 1 1 1 1 1 1 1 1 1 1 1 1
 1 1 1 1 1 1 1 1 1 1 1 1 1 1 1 1 1 1 1 1 1 1 1 1 1 1 1 1 1 1 1 1 1 1 1 1 1
 1 1 1 1 1 1 1 1 1 1 1 1 1 1 1 1 1 1 1 1 1 1 1 1 1 1 1 1 1 1 1 1 1 1 1 1 1
 1 1 1 1 1 1 1 1 1 1 1 1 1 1 1 1 1 1 1 1 1 1 1 1 1 1 1 1 1 1 1 1 1 1 1 1 1
 1 1 1 1 1 1 1 1 1 1 1 1 1 1 1 1 1 1 1 1 1 1 1 1 1 1 1 1 1 1 1 1 1 1 1 1 1
 1 1 1 1 1 1 1 1 1 1 1 1 1 1 1 1 1 1 1 1 1 1 1 1 1 1 1 1 1 1 1 1 1 1 1 1 1
 1 1 1 1 1 1 1 1 1 1 1 1 1 1 1 1 1 1 1 1 1 1 1 1 1 1 1 1 1 1 1]
spatial label unique: [0 1]
7`s n_inlier=327
T=
[[ 0.852  -0.2074  0.4807  0.1901]
 [-0.0586  0.8746  0.4813  0.1543]
 [-0.5202 -0.4382  0.733   0.3179]
 [ 0.      0.      0.      1.    ]]
########    start to calc 7th cluster. cluster_unique=[0 1 2 3 4 5 6 7 8], label 0 num: 758    ########
iteration:  1 / 4
could not find R : 3
most fitted inlier T`s num: 263
iteration:  2 / 4
could not find R : 3
iteration:  3 / 4
could not find R : 3
iteration:  4 / 4
could not find R : 3
クラスタラベル: [0 0 0 0 0 0 0 0 0 0 0 0 0 0 0 0 0 0 0 0 0 0 0 0 0 0 0 0 0 0 0 0 0 0 0 0 0
 0 0 0 0 0 0 0 0 0 0 0 0 0 0 0 0 0 0 0 0 0 0 0 0 0 0 0 0 0 0 0 0 0 0 0 0 0
 0 0 0 0 0 0 0 0 0 0 0 0 0 0 0 0 0 0 0 0 0 0 0 0 0 0 0 0 0 0 0 0 0 0 0 0 0
 0 0 0 0 0 0 0 0 0 0 0 0 0 0 0 0 0 0 0 0 0 0 0 0 0 0 0 0 0 0 0 0 0 0 0 0 0
 0 0 0 0 0 0 0 0 0 0 0 0 0 0 0 0 0 0 0 0 0 0 0 0 0 0 0 0 0 0 0 0 0 0 0 0 0
 0 0 0 0 0 0 0 0 0 0 0 0 0 0 0 0 0 0 0 0 0 0 0 0 0 0 0 0 0 0 0 0 0 0 0 0 0
 0 0 0 0 0 0 0 0 0 0 0 0 0 0 0 0 0 0 0 0 0 0 0 0 0 0 0 0 0 0 0 0 0 0 0 0 0
 0 0 0 0 0 0 0 0]
spatial label unique: [0]
9`s n_inlier=267
T=
[[ 0.993  -0.1174 -0.0143  0.0185]
 [ 0.1181  0.9766  0.1798  0.0539]
 [-0.0071 -0.1802  0.9836  0.0538]
 [ 0.      0.      0.      1.    ]]
########    start to calc 8th cluster. cluster_unique=[0 1 2 3 4 5 6 7 8 9], label 0 num: 491    ########
iteration:  1 / 4
could not find R : 5
most fitted inlier T`s num: 181
iteration:  2 / 4
could not find R : 5
iteration:  3 / 4
could not find R : 5
iteration:  4 / 4
could not find R : 5
クラスタラベル: [0 0 0 0 0 0 0 0 0 0 0 0 0 0 0 0 0 0 0 0 0 0 0 0 0 0 0 0 0 0 0 0 0 0 0 0 0
 0 0 0 0 0 0 0 0 0 0 0 0 0 0 0 0 0 0 0 0 0 0 0 0 0 0 0 0 0 0 0 0 0 0 0 0 0
 0 0 0 0 0 0 0 0 0 0 0 0 0 0 0 0 0 0 0 0 0 0 0 0 0 0 0 0 0 0 0 0 0 0 0 0 0
 0 0 0 0 0 0 0 0 0 0 0 0 0 0 0 0 0 0 0 0 0 0 0 0 0 0 0 0 0 0 0 0 0 0 0 0 0
 0 0 0 0 0 0 0 0 0 0 0 0 0 0 0 0 0 0 0 0 0 0 0 0 0 0 0 0 0 0 0 0 0]
spatial label unique: [0]
10`s n_inlier=181
T=
[[ 0.9859 -0.1425  0.0875  0.0418]
 [ 0.1653  0.9093 -0.382  -0.0343]
 [-0.0252  0.3911  0.92   -0.177 ]
 [ 0.      0.      0.      1.    ]]
########    start to calc 9th cluster. cluster_unique=[ 0  1  2  3  4  5  6  7  8  9 10], label 0 num: 310    ########
iteration:  1 / 4
could not find R : 2
most fitted inlier T`s num: 156
iteration:  2 / 4
could not find R : 2
iteration:  3 / 4
could not find R : 2
iteration:  4 / 4
could not find R : 2
クラスタラベル: [0 0 0 0 0 0 0 0 0 0 0 0 0 0 0 0 0 0 0 0 0 0 0 0 0 0 0 0 0 0 0 0 0 0 0 0 0
 0 0 0 0 0 0 0 0 0 0 0 0 0 0 0 0 0 0 0 0 0 0 0 0 0 0 0 0 0 0 0 0 0 0 0 0 0
 0 0 0 0 0 0 0 0 0 0 0 0 0 0 0 0 0 0 0 0 0 0 0 0 0 0 0 0 0 0 0 0 0 0 0 0 0
 0 0 0 0 0 0 0 0 0 0 0 0 0 0 0 0 0 0 0 0 0 0 0 0 0 0 0 0 0 0 0 0 0 0 0 0 0
 0 0 0 0 0 0 0]
spatial label unique: [0]
11`s n_inlier=155
T=
[[ 0.9729 -0.1015 -0.2078 -0.0145]
 [ 0.2265  0.6008  0.7666  0.2659]
 [ 0.047  -0.7929  0.6075  0.1902]
 [ 0.      0.      0.      1.    ]]
########    start to calc 10th cluster. cluster_unique=[ 0  1  2  3  4  5  6  7  8  9 10 11], label 0 num: 155    ########
iteration:  1 / 4
could not find R : 4
most fitted inlier T`s num: 85
iteration:  2 / 4
could not find R : 4
iteration:  3 / 4
could not find R : 4
iteration:  4 / 4
could not find R : 4
クラスタラベル: [0 0 0 0 0 0 0 0 0 0 0 0 0 0 0 0 0 0 0 0 0 0 0 0 0 0 0 0 0 0 0 0 0 0 0 0 0
 0 0 0 0 0 0 0 0 0 0 0 0 0 0 0 0 0 0 0 0 0 0 0 0 0 0 0 0 0 0 1 1 1 1 1 1 1
 1 1 1 1 1 1 1 1 1 1 1]
spatial label unique: [0 1]
12`s n_inlier=85
T=
[[ 0.9384 -0.0385  0.3434  0.027 ]
 [ 0.0855  0.9887 -0.1228 -0.0416]
 [-0.3348  0.1446  0.9311 -0.1173]
 [ 0.      0.      0.      1.    ]]
########    start to calc 11th cluster. cluster_unique=[ 0  1  2  3  4  5  6  7  8  9 10 11 12 13], label 0 num: 70    ########
iteration:  1 / 4
could not find R : 4
most fitted inlier T`s num: 34
iteration:  2 / 4
could not find R : 4
iteration:  3 / 4
could not find R : 4
iteration:  4 / 4
could not find R : 4
クラスタラベル: [0 0 0 0 0 0 0 0 0 0 0 0 0 0 0 0 0 0 0 0 0 0 0 0 0 0 0 0 0 0 0 0 0 0 0]
spatial label unique: [0]
14`s n_inlier=35
T=
[[ 0.9845 -0.0803 -0.1558 -0.0172]
 [ 0.1456  0.8695  0.472   0.1579]
 [ 0.0975 -0.4874  0.8677  0.1298]
 [ 0.      0.      0.      1.    ]]
########    start to calc 12th cluster. cluster_unique=[ 0  1  2  3  4  5  6  7  8  9 10 11 12 13 14], label 0 num: 35    ########
iteration:  1 / 4
could not find R : 7
most fitted inlier T`s num: 25
iteration:  2 / 4
could not find R : 7
iteration:  3 / 4
could not find R : 7
iteration:  4 / 4
could not find R : 7
クラスタラベル: [0 0 0 0 0 0 0 0 0 0 0 0 0 0 0 0 0 0 0 0 0 0 0 0 0]
spatial label unique: [0]
15`s n_inlier=25
T=
[[ 0.9991  0.0037 -0.0428  0.0061]
 [ 0.0078  0.964   0.2658  0.2483]
 [ 0.0422 -0.2659  0.9631  0.265 ]
 [ 0.      0.      0.      1.    ]]
########    start to calc 13th cluster. cluster_unique=[ 0  1  2  3  4  5  6  7  8  9 10 11 12 13 14 15], label 0 num: 10    ########
iteration:  1 / 4
could not find R : 6
most fitted inlier T`s num: 6
iteration:  2 / 4
could not find R : 6
iteration:  3 / 4
could not find R : 6
iteration:  4 / 4
could not find R : 6
can not find R
クラスタラベル: [-1 -1 -1 -1 -1 -1]
spatial label unique: [-1]
16`s n_inlier=6
T=
[[ 9.982e-01 -8.000e-04  5.920e-02  5.400e-03]
 [ 5.780e-02  2.309e-01 -9.713e-01 -3.550e-02]
 [ 1.290e-02 -9.730e-01 -2.305e-01 -5.840e-02]
 [ 0.000e+00  0.000e+00  0.000e+00  1.000e+00]]
########    start to calc 14th cluster. cluster_unique=[-1  0  1  2  3  4  5  6  7  8  9 10 11 12 13 14 15], label 0 num: 4    ########
iteration:  1 / 4
could not find R : 7
most fitted inlier T`s num: 4
iteration:  2 / 4
could not find R : 7
iteration:  3 / 4
could not find R : 7
iteration:  4 / 4
could not find R : 7
クラスタラベル: [-1 -1 -1 -1]
spatial label unique: [-1]
16`s n_inlier=4
T=
[[ 0.9216 -0.0654 -0.3826 -0.0671]
 [ 0.3675  0.4645  0.8057  0.288 ]
 [ 0.1251 -0.8832  0.4521  0.1174]
 [ 0.      0.      0.      1.    ]]
The number of label 0 is smaller than sample size.

RANSAC finished
label unique: [ 0  1  2  3  4  5  6  7  8  9 10 11 12 13 14 15]
labels` inlier num: [  10. 2847. 1057. 1006.  457.  438.  327.  267.  181.  155.   85.   35.
   25.    6.    4.]

(295, 6890, 7)
fin
*******************************    frame 60 and 70  (7/29)     *****************************
########    start to calc 1th cluster. cluster_unique=[0], label 0 num: 6890    ########
iteration:  1 / 4
could not find R : 5
most fitted inlier T`s num: 3285
iteration:  2 / 4
could not find R : 5
iteration:  3 / 4
could not find R : 5
iteration:  4 / 4
could not find R : 5
クラスタラベル: [0 0 0 ... 0 0 0]
spatial label unique: [0]
1`s n_inlier=3241
T=
[[ 0.9994  0.0348 -0.0088 -0.0292]
 [-0.0352  0.9978 -0.0561  0.0256]
 [ 0.0068  0.0564  0.9984 -0.0413]
 [ 0.      0.      0.      1.    ]]
########    start to calc 2th cluster. cluster_unique=[0 1], label 0 num: 3649    ########
iteration:  1 / 4
could not find R : 3
most fitted inlier T`s num: 1087
iteration:  2 / 4
could not find R : 3
iteration:  3 / 4
could not find R : 3
iteration:  4 / 4
could not find R : 3
クラスタラベル: [0 0 0 ... 0 0 0]
spatial label unique: [0]
2`s n_inlier=1073
T=
[[ 0.9071  0.0104  0.4208  0.1207]
 [-0.0298  0.9988  0.0395  0.1522]
 [-0.4199 -0.0484  0.9063  0.0018]
 [ 0.      0.      0.      1.    ]]
########    start to calc 3th cluster. cluster_unique=[0 1 2], label 0 num: 2576    ########
iteration:  1 / 4
could not find R : 5
most fitted inlier T`s num: 980
iteration:  2 / 4
could not find R : 5
iteration:  3 / 4
could not find R : 5
iteration:  4 / 4
could not find R : 5
クラスタラベル: [0 0 0 0 0 0 0 0 0 0 0 0 0 0 0 0 0 0 0 0 0 0 0 0 0 0 0 0 0 0 0 0 0 0 0 0 0
 0 0 0 0 0 0 0 0 0 0 0 0 0 0 0 0 0 0 0 0 0 0 0 0 0 0 0 0 0 0 0 0 0 0 0 0 0
 0 0 0 0 0 0 0 0 0 0 0 0 0 0 0 0 0 0 0 0 0 0 0 0 0 0 0 0 0 0 0 0 0 0 0 0 0
 0 0 0 0 0 0 0 0 0 0 0 0 0 0 0 0 0 0 0 0 0 0 0 0 0 0 0 0 0 0 0 0 0 0 0 0 0
 0 0 0 0 0 0 0 0 0 0 0 0 0 0 0 0 0 0 0 0 0 0 0 0 0 0 0 0 0 0 0 0 0 0 0 0 0
 0 0 0 0 0 0 0 0 0 0 0 0 0 0 0 0 0 0 0 0 0 0 0 0 0 0 0 0 0 0 0 0 0 0 0 0 0
 0 0 0 0 0 0 0 0 0 0 0 0 0 0 0 0 0 0 0 0 0 0 0 0 0 0 0 0 0 0 0 0 0 0 0 0 0
 0 0 0 0 0 0 0 0 0 0 0 0 0 0 0 0 0 0 0 0 0 0 0 0 0 0 0 0 0 0 0 0 0 0 0 0 0
 0 0 0 0 0 0 0 0 0 0 0 0 0 0 0 0 0 0 0 0 0 0 0 0 0 0 0 0 0 0 0 0 0 0 0 0 0
 0 0 0 0 0 0 0 0 0 0 0 0 0 0 0 0 0 0 0 0 0 0 0 0 0 0 0 0 0 0 0 0 0 0 0 0 0
 0 0 0 0 0 0 0 0 0 0 0 0 0 0 0 0 0 0 0 0 0 0 0 0 0 0 0 0 0 0 0 0 0 0 0 0 0
 0 0 0 0 0 0 0 0 0 0 0 0 0 0 0 0 0 0 0 0 0 0 0 0 0 0 0 0 0 0 0 0 0 0 0 0 0
 0 0 0 0 0 0 0 0 0 0 0 0 0 0 0 0 0 0 0 0 0 0 0 0 0 0 0 0 0 0 0 0 0 0 0 0 0
 0 0 0 0 0 0 0 0 0 0 0 0 0 0 0 0 0 0 0 0 0 0 0 0 0 0 0 0 0 0 0 0 0 0 0 0 0
 0 0 0 0 0 0 0 0 0 0 0 0 0 0 0 0 0 0 0 0 0 0 0 0 0 0 0 0 0 0 0 0 0 0 0 0 0
 0 0 0 0 0 0 0 0 0 0 0 0 0 0 0 0 0 0 0 0 0 0 0 0 0 0 0 0 0 0 0 0 0 0 0 0 0
 0 0 0 0 0 0 0 0 0 0 0 0 0 0 0 0 0 0 0 0 0 0 0 0 0 0 0 0 0 0 0 0 0 0 0 0 0
 0 0 0 0 0 0 0 0 0 0 0 0 0 0 0 0 0 0 0 0 0 0 0 0 0 0 0 0 0 0 0 0 0 0 0 0 0
 0 0 0 0 0 0 0 0 0 0 0 0 0 0 0 0 0 0 0 0 0 0 0 0 0 0 0 0 0 0 0 0 0 0 0 0 0
 0 0 0 0 0 0 0 0 0 0 0 0 0 0 0 0 0 0 0 0 0 0 0 0 0 0 0 0 0 0 0 0 0 0 0 0 0
 0 0 0 0 0 0 0 0 0 0 0 0 0 0 0 0 0 0 0 0 0 0 0 0 0 0 0 0 0 0 0 0 0 0 0 0 0
 0 0 0 0 0 0 0 0 0 0 0 0 0 0 0 0 0 0 0 0 0 0 0 0 0 0 0 0 0 0 0 0 0 0 0 0 0
 0 0 0 0 0 0 0 0 0 0 0 0 0 0 0 0 0 0 0 0 0 0 0 0 0 0 0 0 0 0 0 0 0 0 0 0 0
 0 0 0 0 0 0 0 0 0 0 0 0 0 0 0 0 0 0 0 0 0 0 0 0 0 0 0 0 0 0 0 0 0 0 0 0 0
 0 0 0 0 0 0 0 0 0 0 0 0 0 0 0 0 0 0 0 0 0 0 0 0 0 0 0 0 0 0 0 0 0 0 0 0 0
 0 0 0 0 0 0 0 0 0 0 0 0 0 0 0 0 0 0 0 0 0 0 0 0 0 0 0 0 0 0 0]
spatial label unique: [0]
3`s n_inlier=956
T=
[[ 0.9686 -0.085   0.2337  0.0762]
 [-0.148   0.5585  0.8162  0.4376]
 [-0.1999 -0.8252  0.5283  0.441 ]
 [ 0.      0.      0.      1.    ]]
########    start to calc 4th cluster. cluster_unique=[0 1 2 3], label 0 num: 1620    ########
iteration:  1 / 4
could not find R : 8
most fitted inlier T`s num: 689
iteration:  2 / 4
could not find R : 8
iteration:  3 / 4
could not find R : 8
iteration:  4 / 4
could not find R : 8
クラスタラベル: [0 0 0 0 0 0 0 0 0 0 0 0 0 0 0 0 0 0 0 0 0 0 0 0 0 0 0 0 0 0 0 0 0 0 0 0 0
 0 0 0 0 0 0 0 0 0 0 0 0 0 0 0 0 0 0 0 0 0 0 0 0 0 0 0 0 0 0 0 0 0 0 0 0 0
 0 0 0 0 0 0 0 0 0 0 0 0 0 0 0 0 0 0 0 0 0 0 0 0 0 0 0 0 0 0 0 0 0 0 0 0 0
 0 0 0 0 0 0 0 0 0 0 0 0 0 0 0 0 0 0 0 0 0 0 0 0 0 0 0 0 0 0 0 0 0 0 0 0 0
 0 0 0 0 0 0 0 0 0 0 0 0 0 0 0 0 0 0 0 0 0 0 0 0 0 0 0 0 0 0 0 0 0 0 0 0 0
 0 0 0 0 0 0 0 0 0 0 0 0 0 0 0 0 0 0 0 0 0 0 0 0 0 0 0 0 0 0 0 0 0 0 0 0 0
 0 0 0 0 0 0 0 0 0 0 0 0 0 0 0 0 0 0 0 0 0 0 0 0 0 0 0 0 0 0 0 0 0 0 0 0 0
 0 0 0 0 0 0 0 0 0 0 0 0 0 0 0 0 0 0 0 0 0 0 0 0 0 0 0 0 0 0 0 0 0 0 0 0 0
 0 0 0 0 0 0 0 0 0 0 0 0 0 0 0 0 0 0 0 0 0 0 0 0 0 0 0 0 0 0 0 0 0 0 0 0 0
 0 0 0 0 0 0 0 0 0 0 0 0 0 0 0 0 0 0 0 0 0 0 0 0 0 0 0 0 0 0 0 0 0 0 0 0 0
 0 0 0 0 0 0 0 0 0 0 0 0 0 0 0 0 0 0 0 0 0 0 0 0 0 0 0 0 0 0 0 0 0 0 0 0 0
 0 0 0 0 0 0 0 0 0 0 0 0 0 0 0 0 0 0 0 0 0 0 0 0 0 0 0 0 0 0 0 0 0 0 0 0 0
 0 0 0 0 0 0 0 0 0 0 0 0 0 0 0 0 0 0 0 0 0 0 0 0 0 0 0 0 0 0 0 0 0 0 0 0 0
 0 0 0 0 0 0 0 0 0 0 0 0 0 0 0 0 0 0 0 0 0 0 0 0 0 0 0 0 0 0 0 0 0 0 0 0 0
 0 0 0 0 0 0 0 0 0 0 0 0 0 0 0 0 0 0 0 0 0 0 0 0 0 0 0 0 0 0 0 0 0 0 0 0 0
 0 0 0 0 0 0 0 0 0 0 0 0 0 0 0 0 0 0 0 0 0 0 0 0 0 0 0 0 0 0 0 0 0 0 0 0 0
 0 0 0 0 0 0 0 0 0 0 0 0 0 0 0 0 0 0 0 0 0 0 0 0 0 0 0 0 0 0 0 0 0 0 0 0 0
 0]
spatial label unique: [0]
4`s n_inlier=630
T=
[[ 0.9864 -0.0672 -0.1501 -0.018 ]
 [ 0.0977  0.9736  0.2063  0.0563]
 [ 0.1323 -0.2181  0.9669  0.0547]
 [ 0.      0.      0.      1.    ]]
########    start to calc 5th cluster. cluster_unique=[0 1 2 3 4], label 0 num: 990    ########
iteration:  1 / 4
could not find R : 8
most fitted inlier T`s num: 452
iteration:  2 / 4
could not find R : 8
iteration:  3 / 4
could not find R : 8
iteration:  4 / 4
could not find R : 8
クラスタラベル: [-1 -1  0  0  0  0  0 -1 -1 -1  1  1  1  1  1  1  1  1  1  1  1  1  1  1
  1  1  1  1  1  1  1  1  1  1  1  1  1  1  1  1  1  1  1  1  1  1  1  1
  1  1  1  1  1  1  1  1  1  1  1  1  1  1  1  1  1  1  1  1  1  1  1  1
  1  1  1  1  1  1  1  1  1  1  1  1  1  1  1  1  1  1  1  1  1  1  1  1
  1  1  1  1  1  1  1  1  1  1  1  1  1  1  1  1  1  1  1  1  1  1  1  1
  1  1  1  1  1  1  1  1  1  1  1  1  1  1  1  1  1  1  1  1  1  1  1  1
  1  1  1  1  1  1  1  1  1  1  1  1  1  1  1  1  1  1  1  1  1  1  1  1
  1  1  1  1  1  1  1  1  1  1  1  1  1  1  1  1  1  1  1  1  1  1  1  1
  1  1  1  1  1  1  1  1  1  1  1  1  1  1  1  1  1  1  1  1  1  1  1  1
  1  1  1  1  1  1  1  1  1  1  1  1  1  1  1  1  1  1  1  1  1  1  1  1
  1  1  1  1  1  1  1  1  1  1  1  1  1  1  1  1  1  1  1  1  1  1  1  1
  1  1  1  1  1  1  1  1  1  1  1  1  1  1  1  1  1  1  1  1  1  1  1  1
  1  1  1  1  1  1  1  1  1  1  1  1  1  1  1  1  1  1  1  1  1  1  1  1
  1  1  1  1  1  1  1  1  1  1  1  1  1  1  1  1  1  1  1  1  1  1  1  1
  1  1  1  1  1  1  1  1  1  1  1  1  1  1  1  1  1  1  1  1  1  1  1  1
  1  1  1  1  1  1  1  1  1  1  1  1  1  1  1  1  1  1  1  1  1  1  1  1
  1  1  1]
spatial label unique: [-1  0  1]
5`s n_inlier=387
T=
[[ 0.9914 -0.0167 -0.1299 -0.0328]
 [ 0.0208  0.9993  0.0305  0.0226]
 [ 0.1293 -0.0329  0.9911 -0.0144]
 [ 0.      0.      0.      1.    ]]
########    start to calc 6th cluster. cluster_unique=[-1  0  1  2  3  4  5  6], label 0 num: 603    ########
iteration:  1 / 4
could not find R : 4
most fitted inlier T`s num: 326
iteration:  2 / 4
could not find R : 4
iteration:  3 / 4
could not find R : 4
iteration:  4 / 4
could not find R : 4
クラスタラベル: [0 0 0 0 0 0 0 0 0 0 0 0 0 0 1 1 1 1 1 1 1 1 1 1 1 1 1 1 1 1 1 1 1 0 0 0 0
 0 0 0 0 0 0 0 0 0 0 0 0 0 0 0 0 0 0 0 1 1 1 0 0 0 0 0 0 0 0 0 0 0 0 0 0 0
 0 0 0 0 0 0 0 0 0 0 0 0 0 0 0 0 0 0 0 0 0 0 0 0 0 0 0 0 0 0 0 0 0 0 0 0 0
 0 0 0 0 0 0 0 0 0 0 0 0 0 0 0 0 1 1 1 1 1 1 1 1 1 1 1 1 1 1 1 1 1 1 1 1 1
